195 54 1
24 20 0
169 175 1
76 42 0
41 60 1
15 101 0
147 93 1
169 52 0
174 146 1
129 45 0
51 120 1
138 205 0
54 147 1
37 174 0
123 144 1
24 57 0
139 89 1
86 129 0
155 120 1
157 140 0
8 52 1
129 165 0
152 81 1
160 70 0
91 24 1
181 47 0
169 71 1
148 112 0
98 8 1
62 166 0
83 54 1
40 165 0
173 175 1
10 152 0
22 100 1
119 95 0
195 167 1
44 43 0
110 62 1
166 24 0
14 90 1
147 97 0
185 28 1
77 124 0
147 37 1
10 93 0
2 19 1
28 144 0
29 54 1
64 113 0
97 45 1
183 114 0
98 10 1
71 53 0
71 60 1
124 90 0
48 66 1
134 190 0
96 46 1
171 161 0
152 71 1
135 3 0
45 178 1
11 158 0
170 13 1
61 109 0
87 184 1
148 5 0
107 176 1
190 61 0
178 143 1
16 175 0
147 83 1
202 30 0
157 5 1
37 202 0
55 201 1
79 178 0
145 3 1
95 160 0
20 175 1
156 138 0
132 83 1
151 184 0
100 2 1
41 91 0
118 92 1
42 39 0
163 175 1
182 58 0
139 173 1
172 110 0
123 141 1
24 204 0
139 111 1
203 156 0
20 159 1
17 177 0
157 167 1
106 45 0
17 187 1
201 106 0
145 77 1
137 201 0
203 28 1
149 50 0
124 200 1
192 40 0
198 60 1
29 106 0
79 60 1
25 59 0
42 37 1
170 104 0
174 173 1
41 128 0
4 100 1
179 40 0
122 21 1
26 76 0
166 175 1
101 80 0
62 209 1
32 195 0
20 111 1
50 120 0
182 67 1
50 58 0
199 120 1
66 165 0
5 82 1
96 47 0
122 6 1
3 206 0
179 32 1
108 122 0
31 12 1
130 99 0
167 204 1
28 184 0
96 190 1
13 194 0
102 106 1
77 99 0
56 159 1
164 196 0
25 48 1
167 69 0
78 107 1
29 51 0
5 194 1
191 190 0
2 78 1
168 92 0
44 107 1
129 2 0
20 112 1
109 100 0
81 82 1
136 206 0
62 90 1
98 125 0
188 91 1
168 54 0
156 175 1
175 140 0
174 90 1
107 164 0
152 60 1
102 136 0
187 175 1
2 72 0
30 171 1
136 187 0
169 48 1
142 45 0
58 175 1
55 166 0
87 25 1
181 20 0
182 65 1
92 181 0
17 196 1
104 62 0
116 146 1
68 186 0
162 19 1
17 43 0
49 27 1
14 100 0
84 160 1
62 82 0
117 83 1
173 177 0
195 5 1
182 5 0
145 107 1
110 132 0
45 144 1
135 81 0
42 71 1
115 159 0
122 151 1
1 188 0
147 143 1
105 205 0
3 172 1
6 141 0
142 175 1
198 189 0
48 17 1
61 54 0
125 175 1
159 30 0
42 19 1
17 136 0
42 60 1
196 165 0
201 175 1
197 207 0
111 192 1
124 143 0
84 88 1
27 126 0
195 207 1
100 108 0
62 160 1
164 88 0
136 67 1
8 37 0
180 13 1
30 25 0
74 13 1
52 23 0
196 175 1
146 99 0
146 193 1
50 32 0
56 175 1
110 137 0
167 205 1
21 200 0
17 164 1
172 171 0
120 48 1
111 80 0
35 53 1
8 61 0
185 108 1
0 102 0
124 103 1
166 118 0
20 89 1
10 29 0
178 37 1
87 128 0
147 59 1
200 145 0
29 17 1
92 146 0
79 82 1
106 169 0
56 111 1
13 65 0
20 48 1
9 187 0
203 109 1
150 142 0
139 47 1
34 47 0
136 5 1
124 8 0
2 193 1
107 171 0
79 143 1
157 139 0
168 87 1
186 25 0
83 66 1
180 196 0
69 71 1
169 174 0
48 170 1
138 51 0
174 111 1
80 118 0
95 190 1
165 196 0
140 13 1
15 68 0
162 136 1
118 131 0
84 112 1
169 112 0
83 67 1
121 207 0
45 175 1
21 57 0
169 202 1
96 142 0
180 173 1
165 53 0
79 79 1
183 120 0
60 5 1
196 155 0
130 58 1
142 202 0
86 93 1
176 170 0
5 123 1
42 118 0
157 54 1
14 67 0
27 13 1
3 160 0
8 3 1
82 59 0
80 207 1
41 203 0
21 60 1
183 191 0
117 80 1
4 19 0
79 80 1
23 80 0
8 192 1
166 77 0
195 68 1
106 69 0
174 28 1
78 70 0
139 105 1
47 28 0
180 90 1
106 127 0
79 92 1
184 149 0
25 9 1
135 89 0
169 37 1
82 9 0
75 175 1
180 186 0
118 19 1
50 88 0
48 179 1
169 109 0
81 13 1
62 45 0
120 71 1
122 109 0
93 13 1
84 132 0
129 11 1
104 100 0
117 60 1
161 67 0
42 83 1
80 164 0
124 65 1
119 126 0
187 58 1
21 52 0
60 12 1
111 181 0
64 120 1
83 172 0
24 19 1
58 158 0
62 27 1
201 137 0
193 60 1
40 57 0
169 81 1
81 148 0
45 71 1
17 193 0
71 71 1
162 84 0
109 81 1
139 8 0
4 39 1
56 59 0
50 68 1
37 101 0
49 43 1
150 60 0
50 66 1
187 12 0
26 68 1
29 35 0
167 191 1
10 203 0
94 19 1
199 136 0
185 89 1
142 89 0
197 53 1
3 183 0
90 13 1
9 149 0
117 48 1
58 133 0
108 13 1
36 88 0
138 9 1
25 32 0
85 120 1
188 120 0
42 143 1
162 29 0
169 93 1
159 173 0
100 194 1
33 89 0
84 89 1
110 76 0
182 62 1
66 133 0
87 48 1
142 60 0
50 46 1
174 23 0
116 90 1
35 205 0
21 48 1
84 84 0
166 37 1
170 78 0
89 175 1
66 88 0
195 179 1
29 71 0
202 13 1
123 61 0
122 147 1
202 94 0
165 205 1
34 134 0
129 99 1
32 191 0
22 99 1
85 76 0
102 2 1
164 114 0
58 71 1
1 132 0
84 197 1
178 56 0
1 90 1
172 1 0
25 19 1
52 119 0
42 81 1
75 140 0
162 191 1
84 2 0
174 158 1
128 158 0
138 175 1
191 123 0
139 138 1
186 74 0
120 37 1
7 156 0
192 129 1
107 145 0
95 165 1
9 147 0
165 46 1
183 188 0
60 66 1
52 146 0
97 58 1
74 136 0
71 81 1
64 115 0
60 67 1
149 6 0
198 81 1
81 136 0
106 16 1
180 15 0
47 13 1
126 2 0
124 17 1
63 55 0
84 111 1
169 150 0
109 175 1
28 84 0
117 143 1
146 203 0
65 19 1
88 202 0
95 166 1
151 135 0
79 48 1
62 62 0
62 159 1
202 57 0
25 175 1
120 12 0
148 13 1
103 167 0
196 113 1
126 51 0
203 19 1
87 124 0
97 60 1
28 33 0
138 48 1
55 164 0
179 33 1
26 188 0
134 175 1
148 104 0
72 0 1
162 178 0
144 13 1
111 154 0
157 18 1
59 41 0
167 52 1
127 16 0
36 175 1
130 70 0
169 60 1
0 116 0
136 65 1
117 58 0
179 20 1
127 208 0
158 12 1
81 137 0
9 52 1
193 167 0
25 69 1
179 84 0
111 166 1
93 183 0
162 56 1
19 14 0
28 13 1
74 53 0
26 66 1
178 92 0
62 110 1
155 205 0
120 83 1
200 24 0
185 110 1
16 144 0
56 9 1
14 139 0
17 128 1
155 142 0
84 87 1
149 100 0
80 167 1
108 155 0
45 143 1
187 54 0
113 67 1
34 14 0
139 162 1
132 43 0
79 175 1
57 80 0
115 19 1
24 9 0
133 157 1
46 77 0
29 66 1
14 134 0
179 13 1
203 201 0
177 175 1
68 91 0
174 197 1
37 10 0
126 13 1
62 178 0
149 175 1
1 57 0
132 175 1
86 118 0
84 142 1
179 66 0
118 25 1
16 208 0
98 91 1
77 193 0
168 61 1
88 87 0
115 48 1
133 208 0
54 189 1
196 195 0
50 54 1
25 85 0
29 63 1
123 92 0
62 173 1
46 83 0
53 13 1
127 189 0
161 175 1
58 33 0
84 114 1
192 51 0
139 114 1
16 8 0
56 146 1
180 84 0
163 13 1
144 187 0
97 83 1
165 136 0
139 159 1
26 29 0
55 150 1
201 160 0
62 111 1
8 184 0
84 158 1
27 39 0
21 83 1
82 17 0
131 181 1
128 132 0
21 81 1
110 174 0
167 192 1
69 102 0
113 65 1
60 206 0
124 66 1
183 43 0
96 77 1
154 113 0
198 19 1
88 149 0
49 159 1
114 194 0
191 120 1
39 43 0
32 120 1
21 47 0
20 173 1
103 69 0
8 205 1
127 182 0
58 37 1
144 100 0
34 46 1
30 198 0
203 120 1
10 128 0
193 37 1
21 150 0
68 48 1
197 71 0
68 37 1
72 78 0
181 165 1
34 123 0
106 196 1
127 69 0
189 53 1
23 111 0
50 5 1
23 95 0
187 19 1
95 108 0
198 184 1
159 181 0
60 17 1
32 206 0
37 81 1
19 13 0
129 85 1
121 28 0
167 107 1
89 145 0
150 13 1
27 195 0
196 53 1
154 102 0
109 60 1
13 74 0
62 28 1
41 21 0
192 185 1
51 45 0
97 71 1
149 112 0
84 27 1
81 153 0
20 27 1
106 93 0
34 73 1
102 138 0
9 167 1
148 53 0
139 158 1
100 25 0
97 183 1
73 113 0
16 201 1
53 89 0
182 56 1
33 156 0
59 173 1
106 33 0
29 68 1
45 157 0
17 126 1
55 34 0
146 87 1
148 178 0
145 165 1
166 10 0
74 175 1
126 161 0
68 19 1
80 143 0
134 94 1
5 8 0
196 71 1
122 186 0
126 175 1
194 162 0
46 13 1
16 93 0
77 194 1
39 116 0
124 18 1
133 116 0
20 58 1
76 95 0
94 175 1
33 155 0
152 175 1
129 88 0
54 26 1
160 182 0
56 27 1
36 180 0
135 66 1
34 97 0
166 19 1
169 198 0
198 78 1
153 38 0
167 167 1
34 81 0
26 5 1
167 74 0
124 62 1
150 161 0
193 143 1
198 11 0
124 46 1
108 72 0
37 37 1
34 122 0
70 53 1
154 176 0
174 43 1
129 109 0
169 58 1
24 27 0
62 162 1
79 161 0
132 71 1
185 180 0
48 54 1
157 126 0
46 175 1
143 92 0
79 37 1
134 54 0
55 7 1
13 13 0
133 85 1
89 185 0
182 12 1
132 45 0
25 14 1
102 96 0
87 15 1
74 173 0
71 48 1
139 125 0
198 71 1
196 79 0
26 54 1
68 90 0
195 67 1
169 64 0
185 13 1
27 48 0
67 173 1
21 135 0
62 104 1
177 156 0
130 120 1
118 104 0
201 92 1
161 195 0
195 170 1
87 47 0
155 175 1
169 157 0
129 107 1
173 93 0
103 175 1
192 44 0
49 197 1
5 173 0
12 48 1
133 158 0
12 69 1
61 204 0
96 165 1
178 20 0
24 60 1
71 171 0
138 93 1
175 84 0
139 113 1
119 38 0
18 194 1
48 189 0
124 133 1
190 188 0
200 63 1
135 167 0
80 18 1
98 76 0
160 72 1
87 173 0
182 60 1
18 123 0
9 165 1
9 189 0
62 87 1
67 166 0
145 205 1
161 53 0
123 151 1
83 110 0
123 113 1
11 208 0
198 48 1
37 123 0
97 175 1
75 77 0
179 175 1
202 33 0
96 204 1
64 145 0
87 193 1
118 8 0
184 140 1
86 33 0
49 138 1
177 66 0
48 68 1
36 192 0
135 5 1
76 137 0
55 76 1
40 12 0
8 163 1
159 127 0
107 7 1
99 76 0
59 13 1
155 97 0
62 14 1
190 125 0
62 55 1
60 134 0
17 122 1
64 54 0
167 115 1
153 67 0
168 175 1
175 160 0
185 173 1
90 156 0
113 46 1
22 53 0
159 13 1
14 144 0
178 71 1
54 38 0
17 137 1
179 140 0
21 25 1
7 80 0
6 175 1
106 181 0
174 112 1
158 43 0
67 86 1
72 65 0
169 183 1
97 126 0
4 99 1
39 118 0
20 108 1
110 39 0
79 71 1
183 193 0
20 120 1
189 148 0
124 68 1
186 118 0
2 38 1
25 126 0
65 9 1
157 20 0
45 113 1
115 37 0
67 175 1
179 108 0
139 142 1
94 156 0
186 54 1
173 158 0
12 14 1
129 195 0
165 167 1
74 41 0
188 173 1
61 155 0
0 19 1
141 143 0
123 178 1
61 101 0
201 13 1
67 43 0
20 142 1
23 178 0
139 87 1
150 69 0
141 175 1
84 65 0
56 69 1
103 63 0
37 83 1
73 178 0
152 143 1
186 182 0
198 25 1
10 32 0
147 71 1
27 121 0
80 65 1
151 39 0
123 53 1
153 25 0
84 173 1
168 51 0
26 17 1
108 157 0
158 54 1
77 13 0
165 52 1
152 35 0
67 13 1
18 102 0
24 37 1
83 58 0
116 173 1
137 161 0
121 175 1
39 45 0
49 28 1
56 99 0
104 83 1
8 75 0
9 163 1
104 2 0
110 65 1
191 104 0
30 172 1
129 86 0
188 175 1
2 188 0
177 167 1
129 140 0
45 37 1
185 38 0
80 67 1
152 34 0
85 9 1
189 25 0
79 134 1
203 59 0
46 79 1
151 12 0
110 63 1
66 39 0
49 162 1
79 72 0
21 37 1
138 181 0
55 1 1
106 189 0
174 87 1
73 202 0
80 170 1
61 92 0
152 19 1
148 34 0
203 113 1
113 110 0
59 80 1
11 139 0
120 60 1
74 91 0
112 13 1
187 64 0
134 60 1
77 197 0
84 113 1
47 44 0
51 181 1
126 162 0
8 165 1
85 108 0
71 37 1
149 130 0
62 109 1
25 203 0
124 22 1
156 114 0
56 114 1
41 144 0
9 190 1
167 88 0
62 48 1
58 119 0
174 108 1
15 67 0
157 179 1
34 136 0
62 203 1
115 184 0
2 143 1
30 174 0
127 175 1
2 164 0
42 48 1
116 183 0
84 28 1
192 21 0
182 63 1
168 35 0
203 152 1
81 181 0
77 106 1
186 158 0
123 83 1
47 143 0
160 188 1
77 22 0
128 202 1
112 145 0
167 188 1
104 176 0
183 21 1
176 34 0
20 197 1
78 61 0
29 12 1
113 11 0
20 88 1
164 45 0
132 37 1
22 138 0
8 166 1
178 188 0
42 175 1
6 130 0
107 191 1
174 102 0
181 190 1
23 53 0
203 138 1
131 14 0
124 207 1
154 59 0
186 46 1
5 21 0
185 90 1
131 54 0
128 71 1
131 179 0
200 65 1
21 33 0
113 63 1
106 66 0
133 99 1
90 11 0
165 192 1
68 105 0
21 92 1
52 179 0
6 13 1
71 141 0
178 60 1
169 101 0
15 32 1
105 73 0
22 157 1
22 124 0
117 81 1
4 37 0
166 81 1
134 125 0
120 143 1
97 135 0
49 88 1
43 196 0
139 146 1
124 23 0
190 175 1
93 38 0
49 142 1
19 0 0
54 178 1
5 148 0
203 9 1
168 29 0
196 37 1
172 82 0
147 175 1
84 167 0
62 19 1
170 105 0
9 77 1
61 67 0
152 37 1
18 73 0
62 120 1
113 174 0
37 143 1
152 79 0
166 83 1
28 120 0
135 65 1
97 187 0
79 156 1
168 178 0
123 19 1
129 191 0
79 78 1
62 150 0
117 202 1
177 72 0
99 13 1
40 1 0
124 42 1
19 91 0
87 71 1
139 116 0
109 19 1
183 3 0
116 13 1
131 18 0
110 64 1
22 119 0
66 107 1
59 100 0
184 120 1
25 66 0
157 12 1
74 10 0
139 195 1
28 62 0
3 171 1
105 35 0
56 89 1
138 98 0
176 106 1
115 53 0
24 81 1
97 155 0
122 178 1
49 16 0
2 60 1
108 137 0
9 3 1
121 41 0
129 100 1
202 74 0
64 13 1
201 11 0
31 67 1
8 64 0
62 113 1
63 208 0
196 151 1
56 118 0
134 50 1
103 76 0
118 38 1
41 9 0
168 62 1
186 165 0
24 83 1
186 11 0
48 5 1
200 199 0
196 83 1
21 157 0
29 5 1
167 43 0
14 173 1
14 207 0
195 66 1
160 179 0
186 12 1
171 205 0
165 188 1
5 19 0
83 68 1
177 125 0
179 21 1
99 73 0
45 147 1
81 194 0
196 48 1
31 118 0
88 175 1
178 160 0
181 77 1
165 157 0
17 175 1
14 206 0
118 143 1
59 102 0
62 108 1
193 36 0
137 175 1
127 2 0
95 188 1
126 121 0
12 9 1
109 45 0
23 93 1
132 132 0
176 194 1
75 17 0
87 80 1
125 192 0
65 93 1
14 205 0
56 197 1
75 80 0
54 60 1
188 182 0
139 197 1
72 160 0
155 48 1
88 91 0
120 81 1
155 25 0
49 146 1
31 30 0
155 58 1
59 122 0
167 117 1
90 26 0
113 68 1
90 20 0
62 1 1
73 10 0
177 128 1
146 78 0
60 54 1
143 60 0
15 20 1
111 121 0
67 90 1
186 174 0
21 71 1
38 99 0
164 69 1
60 42 0
169 143 1
98 202 0
169 25 1
84 106 0
8 77 1
140 174 0
87 83 1
120 96 0
203 142 1
53 186 0
136 179 1
129 90 0
18 2 1
6 66 0
136 46 1
176 49 0
62 195 1
78 129 0
198 175 1
123 134 0
168 79 1
162 30 0
24 71 1
165 143 0
116 29 1
132 97 0
67 87 1
189 73 0
185 114 1
48 62 0
56 19 1
10 80 0
152 83 1
44 180 0
196 178 1
110 170 0
179 4 1
106 123 0
169 19 1
46 174 0
182 61 1
191 199 0
195 65 1
113 45 0
105 13 1
158 121 0
157 46 1
25 18 0
181 167 1
192 94 0
53 175 1
203 66 0
85 69 1
146 161 0
34 188 1
142 124 0
177 148 1
36 44 0
80 68 1
136 27 0
108 175 1
88 52 0
117 175 1
27 98 0
124 5 1
3 34 0
165 3 1
68 173 0
146 175 1
111 47 0
203 175 1
182 181 0
134 96 1
5 67 0
154 175 1
39 58 0
85 19 1
20 148 0
36 13 1
39 112 0
181 192 1
59 91 0
102 194 1
180 22 0
135 17 1
94 40 0
182 64 1
184 203 0
82 91 1
165 1 0
185 175 1
165 20 0
14 13 1
195 158 0
174 162 1
80 152 0
97 59 1
38 102 0
12 120 1
179 49 0
167 163 1
168 7 0
6 204 1
20 186 0
202 175 1
13 37 0
115 9 1
20 109 0
95 3 1
162 107 0
18 106 1
50 191 0
203 58 1
9 92 0
200 54 1
110 33 0
169 59 1
35 81 0
185 113 1
157 33 0
8 46 1
112 79 0
30 79 1
17 82 0
96 166 1
123 173 0
34 52 1
142 194 0
116 87 1
131 8 0
118 71 1
72 168 0
56 90 1
179 65 0
165 107 1
134 108 0
4 157 1
193 62 0
48 106 1
71 0 0
104 175 1
43 41 0
47 175 1
60 192 0
97 48 1
182 92 0
195 106 1
194 183 0
174 195 1
93 170 0
115 120 1
6 205 0
118 81 1
189 179 0
62 89 1
169 23 0
150 175 1
65 90 0
147 34 1
151 196 0
160 157 1
94 195 0
56 113 1
193 74 0
147 81 1
180 159 0
193 19 1
66 115 0
157 66 1
20 71 0
65 175 1
38 122 0
198 38 1
69 74 0
113 54 1
44 177 0
45 141 1
26 132 0
142 13 1
44 159 0
91 175 1
6 108 0
49 113 1
89 79 0
84 162 1
164 159 0
62 88 1
80 150 0
203 69 1
168 177 0
85 175 1
21 70 0
116 193 1
91 26 0
152 48 1
119 86 0
20 195 1
4 144 0
117 19 1
92 51 0
20 69 1
172 84 0
195 12 1
197 37 0
56 142 1
44 171 0
186 17 1
198 43 0
196 19 1
143 41 0
178 83 1
184 155 0
45 174 1
163 29 0
134 13 1
93 189 0
60 68 1
95 37 0
135 67 1
28 161 0
69 83 1
172 104 0
58 81 1
135 181 0
174 89 1
86 178 0
4 85 1
100 128 0
0 14 1
190 29 0
9 46 1
69 20 0
65 120 1
79 100 0
71 19 1
18 108 0
139 28 1
63 118 0
194 175 1
168 196 0
2 25 1
20 209 0
147 58 1
52 127 0
160 107 1
194 202 0
45 48 1
106 100 0
1 175 1
10 123 0
0 9 1
134 51 0
68 175 1
32 83 0
46 87 1
182 96 0
56 138 1
76 4 0
58 48 1
94 77 0
196 6 1
41 40 0
136 170 1
175 53 0
24 48 1
22 170 0
130 14 1
22 105 0
166 143 1
80 45 0
132 81 1
135 110 0
71 83 1
156 154 0
17 13 1
112 63 0
10 60 1
94 58 0
83 17 1
169 17 0
203 112 1
104 152 0
98 92 1
89 137 0
187 120 1
49 124 0
113 17 1
163 124 0
41 13 1
188 180 0
2 83 1
50 157 0
87 82 1
140 181 0
80 66 1
28 96 0
112 175 1
162 205 0
115 175 1
19 74 0
110 60 1
59 34 0
80 179 1
193 191 0
203 158 1
148 31 0
134 98 1
150 180 0
123 37 1
39 205 0
185 112 1
28 69 0
181 205 1
171 126 0
186 65 1
78 181 0
133 100 1
64 180 0
48 46 1
63 151 0
135 46 1
162 35 0
160 39 1
27 155 0
116 89 1
84 45 0
174 27 1
82 182 0
184 13 1
35 196 0
49 158 1
65 38 0
181 204 1
8 187 0
20 160 1
116 2 0
124 167 1
179 81 0
104 37 1
4 173 0
136 63 1
190 81 0
196 141 1
147 57 0
24 143 1
84 124 0
87 81 1
157 124 0
14 175 1
198 179 0
2 37 1
202 98 0
149 13 1
155 33 0
49 114 1
197 190 0
137 13 1
90 145 0
95 167 1
79 12 0
83 65 1
100 159 0
22 85 1
84 204 0
155 69 1
68 74 0
146 13 1
139 25 0
0 48 1
187 196 0
44 52 1
174 187 0
20 113 1
52 60 0
30 175 1
107 174 0
61 175 1
87 112 0
56 158 1
12 160 0
12 175 1
154 140 0
136 167 1
43 158 0
160 100 1
50 152 0
62 197 1
174 106 0
0 58 1
124 47 0
168 65 1
98 140 0
32 13 1
90 89 0
15 155 1
39 40 0
151 120 1
186 85 0
117 78 1
88 137 0
45 19 1
175 18 0
48 18 1
39 136 0
11 90 1
171 132 0
3 13 1
197 27 0
139 110 1
120 202 0
94 81 1
7 199 0
115 58 1
132 189 0
139 27 1
47 2 0
96 188 1
19 173 0
20 14 1
121 1 0
188 90 1
101 161 0
84 146 1
158 174 0
50 63 1
55 178 0
147 25 1
192 52 0
183 154 1
68 115 0
38 53 1
109 200 0
104 60 1
105 85 0
185 158 1
195 161 0
87 143 1
65 107 0
79 25 1
60 58 0
167 190 1
32 151 0
158 67 1
174 151 0
157 207 1
23 69 0
174 138 1
183 102 0
183 13 1
44 101 0
20 28 1
119 188 0
124 102 1
106 21 0
123 175 1
85 128 0
88 84 1
36 140 0
63 12 1
193 142 0
177 16 1
160 22 0
130 9 1
7 36 0
123 48 1
92 37 0
79 83 1
86 66 0
68 71 1
145 109 0
203 14 1
192 90 0
9 188 1
18 17 0
84 195 1
119 14 0
161 13 1
147 84 0
96 163 1
127 34 0
2 80 1
171 50 0
97 202 1
122 180 0
97 81 1
151 142 0
45 53 1
156 71 0
62 9 1
88 164 0
167 166 1
144 138 0
157 63 1
33 60 0
138 14 1
188 142 0
56 162 1
3 200 0
139 112 1
33 196 0
51 57 1
41 56 0
20 43 1
124 136 0
109 143 1
145 118 0
62 138 1
43 84 0
21 175 1
48 117 0
172 13 1
0 151 0
34 131 1
26 183 0
109 92 1
165 164 0
45 151 1
95 0 0
62 142 1
109 178 0
9 205 1
65 190 0
82 173 1
159 176 0
130 19 1
99 155 0
73 175 1
97 108 0
2 184 1
17 19 0
111 190 1
8 95 0
94 83 1
119 154 0
120 19 1
22 28 0
62 70 1
189 80 0
33 1 1
170 25 0
25 120 1
200 60 0
2 15 1
140 2 0
96 52 1
183 181 0
107 35 1
43 200 0
151 181 1
196 189 0
124 139 1
65 207 0
106 128 1
51 189 0
136 18 1
18 87 0
185 146 1
139 106 0
167 3 1
37 192 0
106 125 1
162 183 0
49 112 1
23 13 0
159 175 1
19 102 0
203 110 1
137 44 0
110 61 1
50 190 0
56 108 1
87 4 0
63 56 1
85 203 0
203 108 1
77 46 0
181 166 1
169 160 0
26 12 1
198 49 0
56 28 1
168 81 0
97 143 1
91 9 0
16 30 1
160 91 0
145 167 1
175 195 0
98 26 1
124 72 0
173 13 1
161 79 0
95 107 1
53 122 0
85 58 1
135 28 0
194 26 1
166 155 0
187 9 1
107 25 0
20 87 1
111 189 0
54 6 1
112 101 0
26 63 1
14 200 0
84 159 1
15 120 0
128 81 1
44 53 0
193 71 1
189 76 0
200 67 1
57 171 0
29 67 1
105 198 0
165 166 1
107 204 0
115 69 1
76 134 0
165 163 1
32 141 0
54 151 1
63 38 0
50 12 1
176 90 0
96 167 1
107 199 0
128 37 1
137 31 0
194 13 1
136 15 0
44 188 1
109 72 0
59 90 1
46 183 0
5 128 1
147 148 0
56 160 1
35 177 0
128 83 1
50 181 0
49 89 1
134 39 0
179 74 1
27 159 0
5 31 1
116 160 0
4 49 1
12 10 0
185 111 1
115 78 0
2 79 1
72 95 0
183 33 1
170 4 0
26 65 1
95 5 0
4 11 1
8 89 0
138 58 1
84 42 0
196 144 1
90 105 0
203 111 1
170 149 0
138 120 1
113 35 0
124 101 1
57 102 0
130 69 1
50 200 0
37 19 1
30 96 0
84 110 1
55 171 0
15 153 1
94 135 0
145 166 1
142 81 0
170 175 1
158 182 0
124 106 1
62 199 0
124 60 1
75 37 0
97 25 1
131 151 0
178 81 1
6 64 0
56 58 1
36 52 0
164 48 1
1 191 0
164 19 1
15 42 0
62 114 1
125 158 0
193 83 1
100 125 0
65 48 1
165 186 0
55 35 1
162 145 0
94 60 1
116 34 0
178 25 1
0 41 0
37 175 1
87 13 0
91 13 1
191 75 0
12 19 1
68 33 0
194 82 1
166 80 0
106 145 1
174 96 0
95 52 1
132 63 0
171 53 1
83 166 0
103 13 1
91 203 0
95 192 1
132 139 0
136 68 1
174 68 0
128 143 1
35 27 0
178 38 1
147 109 0
174 110 1
12 135 0
165 190 1
90 106 0
37 60 1
185 129 0
200 46 1
139 184 0
124 54 1
59 68 0
82 90 1
69 22 0
200 68 1
155 155 0
27 175 1
184 161 0
80 17 1
101 83 0
104 19 1
135 87 0
93 175 1
153 182 0
0 69 1
1 95 0
155 9 1
107 11 0
143 175 1
20 207 0
118 60 1
69 9 0
157 17 1
186 40 0
85 93 1
13 114 0
20 19 1
156 102 0
84 138 1
163 76 0
50 65 1
122 42 0
109 48 1
50 141 0
136 17 1
73 48 0
40 2 1
183 49 0
69 81 1
58 24 0
111 3 1
21 179 0
63 65 1
75 43 0
139 88 1
196 197 0
138 69 1
163 153 0
147 48 1
57 116 0
20 90 1
52 152 0
198 143 1
66 186 0
141 13 1
77 35 0
111 165 1
140 112 0
203 146 1
16 182 0
84 43 1
6 193 0
138 19 1
197 91 0
94 48 1
147 156 0
96 205 1
127 3 0
125 13 1
40 116 0
106 167 1
63 86 0
147 183 1
120 132 0
63 157 1
88 55 0
11 13 1
17 192 0
28 175 1
39 177 0
48 12 1
19 197 0
20 138 1
156 180 0
56 88 1
2 148 0
167 77 1
75 7 0
19 199 1
86 137 0
62 158 1
79 17 0
49 173 1
46 145 0
54 175 1
33 161 0
203 48 1
117 169 0
168 193 1
153 72 0
117 184 1
117 4 0
124 186 1
13 135 0
37 48 1
61 126 0
140 175 1
195 52 0
80 12 1
88 44 0
145 204 1
175 127 0
111 167 1
134 201 0
132 143 1
200 88 0
2 81 1
8 201 0
175 13 1
62 50 0
174 142 1
200 18 0
94 38 1
136 105 0
43 175 1
172 118 0
123 81 1
97 185 0
40 106 1
194 14 0
94 37 1
84 188 0
166 48 1
50 194 0
162 194 1
161 181 0
20 114 1
15 188 0
200 5 1
75 28 0
48 65 1
188 80 0
54 13 1
4 145 0
135 54 1
168 194 0
124 41 1
76 59 0
34 132 1
148 181 0
118 48 1
106 28 0
196 143 1
109 21 0
25 58 1
39 89 0
120 175 1
19 184 0
124 12 1
30 155 0
9 166 1
7 77 0
178 19 1
193 170 0
95 77 1
147 138 0
162 120 1
140 204 0
179 135 1
156 145 0
198 15 1
12 128 0
116 79 1
130 123 0
79 15 1
98 198 0
68 143 1
162 117 0
20 146 1
159 95 0
174 88 1
130 178 0
164 175 1
147 187 0
190 13 1
97 31 0
16 1 1
141 173 0
21 19 1
148 163 0
186 66 1
32 154 0
200 66 1
184 69 0
165 165 1
63 209 0
84 108 1
171 96 0
116 175 1
46 21 0
168 13 1
85 67 0
39 175 1
48 143 0
95 46 1
149 70 0
128 60 1
15 97 0
48 207 1
4 195 0
55 169 1
99 138 0
129 157 1
42 14 0
96 107 1
185 19 0
164 14 1
117 161 0
130 175 1
193 124 0
79 184 1
129 206 0
177 13 1
61 125 0
157 106 1
189 96 0
124 170 1
156 184 0
155 93 1
196 105 0
56 195 1
181 198 0
20 162 1
75 110 0
198 83 1
105 34 0
107 177 1
33 169 0
30 193 1
156 127 0
192 175 1
10 134 0
17 44 1
1 70 0
113 66 1
167 112 0
123 71 1
36 142 0
128 19 1
100 9 0
157 67 1
83 190 0
165 77 1
70 66 0
49 87 1
151 161 0
106 175 1
95 34 0
113 12 1
95 40 0
192 13 1
57 42 0
157 65 1
101 190 0
97 37 1
54 163 0
106 13 1
1 29 0
83 63 1
83 186 0
136 54 1
62 201 0
98 161 1
59 85 0
160 99 1
102 131 0
6 146 1
174 20 0
187 14 1
98 93 0
185 138 1
61 187 0
13 157 1
104 98 0
0 175 1
2 130 0
123 143 1
91 11 0
30 13 1
46 88 0
106 124 1
146 189 0
139 43 1
14 166 0
185 142 1
174 22 0
147 202 1
0 129 0
69 143 1
184 47 0
155 14 1
159 169 0
48 67 1
91 105 0
1 92 1
137 81 0
188 13 1
45 31 0
193 48 1
7 182 0
143 13 1
121 19 0
115 14 1
203 73 0
87 156 1
106 89 0
17 125 1
200 133 0
45 6 1
180 161 0
8 107 1
100 150 0
49 108 1
99 100 0
56 173 1
102 169 0
186 63 1
19 133 0
118 134 1
92 73 0
111 204 1
138 161 0
73 13 1
7 48 0
100 106 1
105 99 0
195 63 1
28 129 0
179 36 1
92 31 0
16 206 1
55 65 0
55 206 1
107 59 0
136 106 1
165 70 0
98 13 1
147 120 0
69 48 1
53 63 0
87 19 1
68 188 0
134 23 1
189 183 0
29 46 1
41 12 0
84 90 1
193 104 0
104 71 1
201 199 0
191 181 1
22 3 0
11 173 1
32 71 0
87 37 1
84 66 0
62 43 1
167 54 0
111 205 1
19 101 0
119 120 1
181 209 0
79 19 1
176 151 0
0 93 1
156 106 0
139 58 1
98 147 0
127 13 1
38 62 0
110 13 1
108 177 0
20 9 1
4 42 0
77 2 1
44 32 0
154 13 1
154 163 0
83 12 1
122 171 0
136 207 1
122 119 0
87 79 1
84 175 0
145 163 1
77 165 0
55 30 1
29 40 0
65 69 1
5 84 0
105 175 1
190 197 0
176 2 1
135 59 0
96 3 1
91 27 0
172 175 1
32 207 0
80 54 1
22 39 0
182 157 1
16 56 0
71 143 1
101 183 0
187 48 1
121 3 0
135 63 1
19 165 0
43 13 1
38 185 0
203 162 1
93 140 0
7 13 1
110 91 0
113 5 1
179 88 0
135 12 1
172 141 0
155 19 1
93 57 0
124 67 1
58 203 0
130 48 1
186 133 0
106 168 1
106 18 0
46 193 1
169 103 0
165 204 1
12 178 0
146 79 1
43 183 0
65 14 1
61 119 0
68 60 1
155 148 0
185 197 1
161 26 0
71 175 1
84 12 0
29 65 1
64 185 0
56 112 1
70 180 0
52 13 1
64 108 0
101 175 1
125 65 0
196 81 1
35 4 0
99 175 1
6 162 0
68 81 1
51 193 0
123 6 1
45 160 0
8 167 1
101 152 0
104 48 1
163 192 0
93 92 1
178 32 0
5 175 1
24 163 0
98 180 1
115 29 0
167 116 1
149 156 0
134 119 1
145 115 0
90 175 1
113 104 0
124 61 1
109 104 0
187 69 1
144 198 0
21 134 1
115 35 0
80 63 1
150 168 0
153 93 1
170 106 0
160 11 1
136 101 0
147 105 1
137 158 0
157 170 1
43 15 0
27 92 1
170 66 0
87 78 1
96 87 0
4 107 1
66 135 0
203 1 1
106 170 0
168 64 1
15 62 0
60 46 1
45 117 0
121 13 1
88 101 0
69 60 1
2 162 0
111 163 1
71 62 0
95 205 1
172 115 0
178 175 1
95 184 0
59 175 1
120 34 0
17 16 1
189 52 0
30 82 1
177 189 0
96 192 1
83 24 0
167 118 1
133 126 0
132 19 1
6 148 0
130 93 1
85 110 0
80 5 1
170 158 0
175 175 1
182 160 0
95 204 1
168 181 0
135 68 1
128 32 0
110 120 1
76 84 0
15 149 1
117 196 0
69 175 1
119 70 0
195 18 1
90 209 0
75 13 1
1 11 0
62 146 1
143 165 0
203 197 1
12 189 0
49 110 1
37 54 0
106 187 1
185 9 0
128 175 1
67 33 0
97 19 1
138 190 0
83 5 1
116 20 0
58 19 1
16 166 0
156 13 1
185 179 0
5 146 1
186 194 0
193 175 1
131 108 0
63 67 1
193 204 0
101 13 1
131 164 0
192 24 1
136 171 0
15 92 1
159 19 0
181 107 1
97 171 0
186 67 1
76 208 0
129 39 1
11 209 0
26 67 1
99 88 0
94 71 1
16 193 0
124 57 1
202 62 0
7 175 1
21 142 0
145 190 1
176 73 0
85 14 1
44 8 0
31 65 1
29 49 0
58 83 1
148 128 0
167 121 1
146 11 0
81 175 1
147 38 0
44 46 1
129 61 0
181 3 1
156 81 0
198 37 1
13 41 0
52 175 1
24 138 0
69 19 1
116 177 0
123 147 1
59 159 0
1 13 1
23 110 0
162 106 1
66 4 0
174 160 1
6 144 0
3 205 1
25 73 0
49 195 1
195 76 0
179 75 1
89 13 0
111 77 1
43 74 0
41 175 1
65 30 0
152 93 1
49 38 0
118 83 1
102 87 0
49 160 1
144 171 0
136 66 1
104 145 0
20 110 1
60 77 0
2 175 1
70 0 0
160 85 1
87 196 0
164 58 1
49 187 0
92 1 1
171 133 0
49 111 1
99 62 0
174 114 1
197 192 0
195 46 1
140 102 0
118 175 1
76 206 0
203 114 1
70 110 0
94 25 1
148 108 0
98 175 1
85 50 0
109 37 1
144 95 0
119 181 1
182 31 0
148 175 1
51 81 0
193 81 1
79 52 0
136 12 1
119 134 0
178 48 1
146 109 0
145 192 1
176 50 0
124 208 1
42 98 0
198 80 1
93 209 0
200 12 1
175 134 0
139 108 1
161 104 0
88 13 1
15 86 0
85 48 1
122 60 0
26 46 1
43 192 0
109 83 1
184 34 0
174 113 1
185 130 0
5 13 1
132 178 0
117 15 1
131 187 0
147 19 1
186 71 0
20 158 1
76 144 0
1 173 1
135 122 0
164 93 1
54 61 0
50 17 1
107 80 0
83 46 1
202 131 0
45 81 1
150 165 0
117 37 1
186 120 0
58 143 1
197 57 0
39 13 1
38 55 0
117 71 1
110 168 0
12 58 1
198 31 0
144 175 1
94 21 0
56 87 1
171 129 0
9 192 1
0 156 0
80 106 1
57 104 0
49 90 1
72 89 0
166 71 1
79 7 0
2 48 1
55 15 0
167 46 1
1 0 0
80 46 1
50 94 0
69 37 1
144 122 0
164 120 1
79 160 0
181 163 1
121 199 0
9 107 1
182 118 0
79 193 1
166 15 0
17 127 1
184 118 0
68 83 1
180 207 0
34 130 1
24 173 0
132 48 1
101 79 0
147 60 1
85 17 0
139 160 1
52 102 0
160 49 1
198 100 0
180 175 1
58 153 0
94 143 1
48 160 0
24 175 1
193 154 0
98 51 1
93 100 0
104 81 1
126 181 0
55 182 1
0 188 0
167 165 1
160 86 0
60 65 1
100 19 0
169 83 1
42 103 0
174 159 1
20 62 0
160 40 1
133 66 0
160 198 1
169 129 0
134 97 1
93 182 0
60 63 1
63 159 0
132 60 1
108 130 0
79 81 1
161 3 0
87 60 1
158 127 0
62 175 1
114 64 0
118 37 1
153 178 0
128 48 1
189 147 0
129 49 1
148 180 0
48 63 1
95 145 0
56 48 1
1 91 0
34 107 1
110 138 0
196 147 1
115 93 0
9 204 1
28 16 0
56 110 1
126 24 0
124 64 1
79 182 0
8 204 1
163 162 0
139 90 1
106 132 0
8 190 1
165 58 0
40 194 1
150 125 0
56 43 1
24 8 0
186 68 1
27 67 0
5 16 1
15 49 0
62 112 1
151 114 0
124 179 1
21 133 0
200 17 1
99 193 0
134 95 1
32 110 0
157 68 1
51 202 0
79 38 1
176 147 0
3 175 1
191 107 0
134 140 1
86 140 0
166 60 1
9 17 0
109 71 1
127 154 0
124 63 1
47 185 0
48 167 1
122 164 0
95 163 1
20 191 0
114 53 1
138 185 0
58 60 1
50 110 0
107 1 1
10 39 0
45 83 1
192 184 0
168 63 1
17 199 0
195 17 1
199 171 0
56 120 1
104 205 0
67 82 1
50 59 0
37 71 1
143 129 0
104 143 1
145 101 0
56 14 1
147 66 0
50 67 1
73 1 0
139 57 1
124 10 0
57 93 1
182 87 0
0 120 1
78 58 0
164 9 1
70 194 0
87 175 1
2 131 0
2 71 1
97 149 0
61 13 1
35 31 0
11 175 1
15 206 0
21 143 1
192 30 0
65 58 1
137 157 0
76 0 1
133 175 0
31 56 1
82 128 0
186 5 1
137 35 0
