505 300 1
413 88 0
444 275 1
280 234 0
18 70 1
184 418 0
240 377 1
611 37 0
91 316 1
644 213 0
654 68 1
341 61 0
268 219 1
263 114 0
617 415 1
185 383 0
72 253 1
453 371 0
281 116 1
38 98 0
9 148 1
448 172 0
108 384 1
234 419 0
148 338 1
56 107 0
83 431 1
439 437 0
356 387 1
117 323 0
330 261 1
127 253 0
371 0 1
98 356 0
606 435 1
647 76 0
351 237 1
220 70 0
378 107 1
70 329 0
183 5 1
527 327 0
63 49 1
367 68 0
283 141 1
532 407 0
247 25 1
567 56 0
255 368 1
513 228 0
42 135 1
520 100 0
97 49 1
564 425 0
104 412 1
419 442 0
351 357 1
484 327 0
436 98 1
80 41 0
276 141 1
429 406 0
30 429 1
92 265 0
222 439 1
32 114 0
148 162 1
268 65 0
575 49 1
259 363 0
385 326 1
562 90 0
143 370 1
290 105 0
35 431 1
56 30 0
417 245 1
98 166 0
403 412 1
427 322 0
111 354 1
21 335 0
522 81 1
480 293 0
498 147 1
119 32 0
0 425 1
470 420 0
391 110 1
658 62 0
627 217 1
540 239 0
497 117 1
460 171 0
553 200 1
120 341 0
473 296 1
558 54 0
53 303 1
499 380 0
212 115 1
116 95 0
408 37 1
90 292 0
351 304 1
308 227 0
1 237 1
147 427 0
589 369 1
449 183 0
508 411 1
295 442 0
52 369 1
357 278 0
403 259 1
281 289 0
104 149 1
643 389 0
393 141 1
56 88 0
405 104 1
264 204 0
192 49 1
193 296 0
132 430 1
3 179 0
338 1 1
659 251 0
443 369 1
267 363 0
196 148 1
188 72 0
76 245 1
53 135 0
1 253 1
446 18 0
240 68 1
281 296 0
268 104 1
258 120 0
604 179 1
194 232 0
98 136 1
296 29 0
4 107 1
281 243 0
147 373 1
391 391 0
496 237 1
183 58 0
157 259 1
431 358 0
436 237 1
228 22 0
604 188 1
109 416 0
28 15 1
481 350 0
42 189 1
331 80 0
240 338 1
472 411 0
645 429 1
580 128 0
127 429 1
33 425 0
377 53 1
403 120 0
604 177 1
625 13 0
175 377 1
556 399 0
577 245 1
541 84 0
186 384 1
326 120 0
14 40 1
595 425 0
402 260 1
328 2 0
374 229 1
189 319 0
114 410 1
91 250 0
270 431 1
73 300 0
570 361 1
200 145 0
260 272 1
576 324 0
606 342 1
97 153 0
84 338 1
299 279 0
464 29 1
550 82 0
525 49 1
20 181 0
385 419 1
156 53 0
133 107 1
246 150 0
508 412 1
171 263 0
508 217 1
142 234 0
23 31 1
562 417 0
427 130 1
470 341 0
405 68 1
582 232 0
30 261 1
286 37 0
606 351 1
541 208 0
464 378 1
83 264 0
46 284 1
145 116 0
148 232 1
126 81 0
291 365 1
599 407 0
202 148 1
401 90 0
629 199 1
404 298 0
171 253 1
204 156 0
96 150 1
102 24 0
72 427 1
531 417 0
9 377 1
419 231 0
343 141 1
542 227 0
654 219 1
503 259 0
155 430 1
165 50 0
1 70 1
612 63 0
176 61 1
333 38 0
619 291 1
242 358 0
4 410 1
213 110 0
88 429 1
197 289 0
536 412 1
119 391 0
411 15 1
642 325 0
157 217 1
84 6 0
14 141 1
262 171 0
104 411 1
303 337 0
633 53 1
477 440 0
468 178 1
595 168 0
589 300 1
223 417 0
360 358 1
145 16 0
555 49 1
659 258 0
564 90 1
306 296 0
236 70 1
125 250 0
287 92 1
90 135 0
521 367 1
489 172 0
4 116 1
385 93 0
79 261 1
278 296 0
122 430 1
512 26 0
554 104 1
163 15 0
444 110 1
170 240 0
378 217 1
574 285 0
257 391 1
643 114 0
554 232 1
54 55 0
96 152 1
339 228 0
508 148 1
78 340 0
194 273 1
49 318 0
239 365 1
372 276 0
330 431 1
523 428 0
53 316 1
326 417 0
366 368 1
107 345 0
136 430 1
396 128 0
627 141 1
31 291 0
438 68 1
167 10 0
508 338 1
515 339 0
150 1 1
472 192 0
403 71 1
639 217 0
129 363 1
511 227 0
553 379 1
55 431 0
350 313 1
56 246 0
104 68 1
528 148 0
616 0 1
28 433 0
627 116 1
248 328 0
34 107 1
53 168 0
289 133 1
160 433 0
302 141 1
6 278 0
117 368 1
156 114 0
627 104 1
481 277 0
109 415 1
566 196 0
554 100 1
117 326 0
430 192 1
290 286 0
592 1 1
587 178 0
74 107 1
652 425 0
333 377 1
232 50 0
444 305 1
661 357 0
505 371 1
467 162 0
379 426 1
307 173 0
481 369 1
544 376 0
562 69 1
517 20 0
212 375 1
281 277 0
393 116 1
230 428 0
53 305 1
486 241 0
271 261 1
73 151 0
479 300 1
358 113 0
136 369 1
572 115 0
605 371 1
14 203 0
490 53 1
363 168 0
104 377 1
615 120 0
18 69 1
545 172 0
32 217 1
17 307 0
517 53 1
274 90 0
123 245 1
100 299 0
302 107 1
254 347 0
359 163 1
645 184 0
448 251 1
307 356 0
498 242 1
360 132 0
53 352 1
655 231 0
515 110 1
612 387 0
553 382 1
327 222 0
553 133 1
631 182 0
436 70 1
77 431 0
47 130 1
312 69 0
104 104 1
533 208 0
248 432 1
158 360 0
553 29 1
357 125 0
553 89 1
455 212 0
489 206 1
406 422 0
589 371 1
101 304 0
403 377 1
460 152 0
35 429 1
172 192 0
385 417 1
154 204 0
106 28 1
394 285 0
546 28 1
571 248 0
46 391 1
343 360 0
572 348 1
649 292 0
225 431 1
298 298 0
403 40 1
583 442 0
199 430 1
211 175 0
130 368 1
18 417 0
393 148 1
641 4 0
435 49 1
144 11 0
464 30 1
56 270 0
634 30 1
386 291 0
403 298 1
156 360 0
188 261 1
475 435 0
553 221 1
661 154 0
646 1 1
547 340 0
9 104 1
234 275 0
351 275 1
302 233 0
378 163 1
370 72 0
480 130 1
393 386 0
642 15 1
471 27 0
235 300 1
261 42 0
580 429 1
214 159 0
596 1 1
518 118 0
62 232 1
89 23 0
356 342 1
14 382 0
438 57 1
22 186 0
84 412 1
213 4 0
88 368 1
242 37 0
627 40 1
414 326 0
111 32 1
495 256 0
518 300 1
604 125 0
629 226 1
632 172 0
516 192 1
540 44 0
498 138 1
156 4 0
128 292 1
518 224 0
53 70 1
9 414 0
37 139 1
648 110 0
47 110 1
254 12 0
62 100 1
94 370 0
133 68 1
568 164 0
104 219 1
537 98 0
615 141 1
524 420 0
240 412 1
234 252 0
301 272 1
347 320 0
589 429 1
347 368 0
264 0 1
239 168 0
289 33 1
242 108 0
18 110 1
350 121 0
148 195 1
363 239 0
634 117 1
269 411 0
247 0 1
477 439 0
157 441 1
197 58 0
39 361 1
429 105 0
259 300 1
498 191 0
1 304 1
79 291 0
1 275 1
183 302 0
64 139 1
224 181 0
464 277 1
86 376 0
134 15 1
304 104 0
593 38 1
148 144 0
136 429 1
13 433 0
524 237 1
515 271 0
125 53 1
520 24 0
268 40 1
361 91 0
114 100 1
334 380 0
626 319 1
544 331 0
610 148 1
535 403 0
301 357 1
99 249 0
443 300 1
255 149 0
365 68 1
115 340 0
505 431 1
639 146 0
652 278 1
499 148 0
553 263 1
48 64 0
134 49 1
484 6 0
655 240 1
57 147 0
323 426 1
450 369 0
212 376 1
395 387 0
157 40 1
402 412 0
660 245 1
512 107 0
356 290 1
187 326 0
428 28 1
565 138 0
32 141 1
61 286 0
554 116 1
417 241 0
365 148 1
371 200 0
446 238 1
402 63 0
582 179 1
602 178 0
202 232 1
296 85 0
607 7 1
560 188 0
629 313 1
301 20 0
9 410 1
17 342 0
619 112 1
552 210 0
553 252 1
245 160 0
520 261 1
173 79 0
569 431 1
193 318 0
378 141 1
113 294 0
235 369 1
281 293 0
285 251 1
229 190 0
172 13 1
19 94 0
255 371 1
384 242 0
306 3 1
249 65 0
206 53 1
200 399 0
438 104 1
378 346 0
621 15 1
421 256 0
587 359 1
77 327 0
171 357 1
478 87 0
268 107 1
314 321 0
88 369 1
550 113 0
230 53 1
360 126 0
88 300 1
321 142 0
164 64 1
198 392 0
356 347 1
323 416 0
201 245 1
530 223 0
569 368 1
39 369 0
236 130 1
507 385 0
553 381 1
508 46 0
342 74 1
385 302 0
54 22 1
211 84 0
363 243 1
8 108 0
161 430 1
570 413 0
530 359 1
433 17 0
53 273 1
109 56 0
157 411 1
77 437 0
464 161 1
30 18 0
143 367 1
496 422 0
114 163 1
470 342 0
638 68 1
400 29 0
146 164 1
463 349 0
403 75 1
548 212 0
437 53 1
187 413 0
553 383 1
627 262 0
464 223 1
146 208 0
481 430 1
257 8 0
62 217 1
580 179 0
252 228 1
494 315 0
111 315 1
55 78 0
536 104 1
560 439 0
581 39 1
612 178 0
323 242 1
73 351 0
390 157 1
346 325 0
130 431 1
450 67 0
652 52 1
263 217 0
130 300 1
126 91 0
194 141 1
26 201 0
53 275 1
450 423 0
148 63 1
350 142 0
629 356 1
64 434 0
164 138 1
164 52 0
212 208 1
133 28 0
652 249 1
173 372 0
333 259 1
76 302 0
444 186 1
279 227 0
298 431 1
612 105 0
3 4 1
113 176 0
113 69 1
186 403 0
521 130 1
530 167 0
229 164 1
324 313 0
349 261 1
108 366 0
16 0 1
44 314 0
606 197 1
11 405 0
403 39 1
100 275 0
268 217 1
13 302 0
236 316 1
261 280 0
14 116 1
318 272 0
175 100 1
506 72 0
544 431 1
139 439 0
582 92 1
532 334 0
562 304 1
652 21 0
333 100 1
231 384 0
403 104 1
520 354 0
4 259 1
590 254 0
403 441 1
208 376 0
472 9 1
519 79 0
553 241 1
573 425 0
98 175 1
123 9 0
225 300 1
17 290 0
549 64 1
377 324 0
14 163 1
228 420 0
291 391 1
343 175 0
405 163 1
484 146 0
132 431 1
472 402 0
62 63 1
344 359 0
62 148 1
293 280 0
212 94 1
371 143 0
164 147 1
211 107 0
143 243 1
448 329 0
159 368 1
7 108 0
436 304 1
439 37 0
504 53 1
98 150 0
505 369 1
392 30 0
32 219 1
377 35 0
426 15 1
444 54 0
359 68 1
245 433 0
18 367 1
164 349 0
403 219 1
30 281 0
278 49 1
5 167 0
389 53 1
605 394 0
549 147 1
444 3 0
258 369 1
194 128 0
464 288 1
437 187 0
477 0 1
311 425 0
255 300 1
8 46 0
14 107 1
352 100 0
535 377 1
169 160 0
114 40 1
449 163 0
37 183 1
65 287 0
344 251 1
477 223 0
62 141 1
335 354 0
113 141 1
589 62 0
619 403 1
344 134 0
327 104 1
97 108 0
96 151 1
145 296 0
553 33 1
437 437 0
327 163 1
518 72 0
351 98 1
333 164 0
53 370 1
212 217 0
301 370 1
638 197 0
84 163 1
587 386 0
89 100 1
447 354 0
228 321 1
318 399 0
619 400 1
535 370 0
171 98 1
601 171 0
471 245 1
513 444 0
300 369 1
142 167 0
592 415 1
602 396 0
133 141 1
489 168 0
574 371 1
484 27 0
438 148 1
530 230 0
227 394 1
514 19 0
403 338 1
420 103 0
91 110 1
26 215 0
628 261 1
212 222 0
498 139 1
491 252 0
270 430 1
42 238 0
589 368 1
262 13 0
606 202 1
313 406 0
444 243 1
170 308 0
300 430 1
284 437 0
161 368 1
194 270 0
603 430 1
102 88 0
626 86 1
108 374 0
309 2 1
614 327 0
618 444 1
500 322 0
165 0 1
329 10 0
202 68 1
326 173 0
117 429 1
50 16 0
541 11 1
389 258 0
505 261 1
519 263 0
471 432 1
550 99 0
43 35 1
328 441 0
490 28 1
30 157 0
378 68 1
509 321 0
351 305 1
117 249 0
75 53 1
242 73 0
29 296 1
46 134 0
388 371 1
7 62 0
554 163 1
53 244 0
148 77 1
314 158 0
446 49 1
109 143 0
455 44 1
655 224 0
535 68 1
27 160 0
130 371 1
38 104 0
521 273 1
2 300 0
153 15 1
323 403 0
403 148 1
475 310 0
62 77 1
395 192 0
518 189 1
452 444 0
91 272 1
47 134 0
323 138 1
154 20 0
459 411 1
72 190 0
117 430 1
501 56 0
330 369 1
89 160 0
38 431 1
380 365 0
77 261 1
151 234 0
536 68 1
343 91 0
281 141 1
163 297 0
601 15 1
36 32 0
402 229 1
520 107 0
62 377 1
350 355 0
544 429 1
396 247 0
549 139 1
533 147 0
604 248 1
470 392 0
554 148 1
188 403 0
553 258 1
420 432 0
143 69 1
448 373 0
464 159 1
634 109 0
260 69 1
462 162 0
562 70 1
501 341 0
378 232 1
478 45 0
464 383 1
463 413 0
52 429 1
417 78 0
300 371 1
218 239 0
435 328 1
552 191 0
604 337 1
139 246 0
143 305 1
233 45 0
323 64 1
170 311 0
53 237 1
2 176 0
619 398 1
86 265 0
171 275 1
205 403 0
405 40 1
351 185 0
464 118 1
574 439 0
111 293 1
660 214 0
553 48 1
155 441 0
122 261 1
390 191 0
461 100 1
199 103 0
553 331 1
622 229 0
249 53 1
347 180 0
184 13 1
478 46 0
654 411 1
621 275 0
225 371 1
212 48 0
416 49 1
22 291 0
613 261 1
170 117 0
282 1 1
631 251 0
59 130 1
205 155 0
364 430 1
455 172 0
436 275 1
275 250 0
363 69 1
190 111 0
536 116 1
395 413 0
409 28 1
260 215 0
32 163 1
187 67 0
662 53 1
569 41 0
390 106 1
180 74 0
633 28 1
79 54 0
549 80 1
588 351 0
14 100 1
44 329 0
4 377 1
65 332 0
148 141 1
348 133 0
385 416 1
365 82 0
373 377 1
49 402 0
652 358 1
230 7 0
205 15 1
200 115 0
568 300 1
240 10 0
128 377 1
563 241 0
391 130 1
440 425 0
627 259 1
15 382 0
116 116 1
24 101 0
60 261 1
85 108 0
342 190 1
456 307 0
464 380 1
316 228 0
377 28 1
244 10 0
496 275 1
402 316 0
145 0 1
304 92 0
89 68 1
352 266 0
353 28 1
29 305 0
654 338 1
463 101 0
62 40 1
138 180 0
619 171 1
228 133 0
52 261 1
499 364 0
240 163 1
444 18 0
84 73 1
627 280 0
202 377 1
94 399 0
350 199 1
542 241 0
318 359 1
225 194 0
9 141 1
379 283 0
563 130 1
636 263 0
281 148 1
184 79 0
553 329 1
375 7 0
155 368 1
573 181 0
18 303 1
616 7 0
356 202 1
232 276 0
184 22 1
70 365 0
200 39 1
605 177 0
464 379 1
622 129 0
606 132 1
326 198 0
1 110 1
574 210 0
379 242 1
354 123 0
365 219 1
381 111 0
544 430 1
568 372 0
436 370 1
616 99 0
553 281 1
331 57 0
597 6 1
345 380 0
34 68 1
126 353 0
535 116 1
181 71 0
111 327 1
391 335 0
553 255 1
108 363 0
1 352 1
429 124 0
403 410 1
440 24 0
524 316 1
103 322 0
436 357 1
370 79 0
493 414 1
526 330 0
122 431 1
219 336 0
21 53 1
492 20 0
496 110 1
659 287 0
258 429 1
122 433 0
397 28 1
408 23 0
453 133 1
75 357 0
302 232 1
271 246 0
86 40 1
277 387 0
607 13 1
100 273 0
397 53 1
444 279 0
62 412 1
590 311 0
652 293 1
535 9 0
553 267 1
99 154 0
478 117 1
534 115 0
148 163 1
331 157 0
360 310 1
356 224 0
86 377 1
544 78 0
287 178 1
247 312 0
30 368 1
644 430 0
442 369 1
189 372 0
245 219 1
591 226 0
540 141 1
91 99 0
619 72 1
397 347 0
113 110 1
103 430 0
162 5 1
400 265 0
182 141 1
622 433 0
236 69 1
262 248 0
128 334 1
364 376 0
194 243 1
551 406 0
23 372 1
459 64 0
18 243 1
157 293 0
363 272 1
646 322 0
450 318 1
438 35 0
475 1 1
426 171 0
65 110 1
197 254 0
588 261 1
399 227 0
250 63 1
559 80 0
89 107 1
590 291 0
155 261 1
323 14 0
157 148 1
590 101 0
591 164 1
300 81 0
251 429 1
533 51 0
562 370 1
586 392 0
626 88 1
272 4 0
604 181 1
299 247 0
111 324 1
222 172 0
461 411 1
262 297 0
43 163 1
371 319 0
290 49 1
2 182 0
576 166 1
28 44 0
259 431 1
343 31 0
42 77 1
369 149 0
370 7 1
537 389 0
268 338 1
181 333 0
484 391 1
402 0 0
114 259 1
328 26 0
187 0 1
10 203 0
565 144 1
426 145 0
104 195 1
551 443 0
157 100 1
47 191 0
378 116 1
244 70 0
553 161 1
468 88 0
436 69 1
567 94 0
442 430 1
39 6 0
104 63 1
638 336 0
365 411 1
349 218 0
113 352 1
569 358 0
464 331 1
364 137 0
436 110 1
293 372 0
536 100 1
624 405 0
143 237 1
50 176 0
553 160 1
566 429 0
404 130 1
119 360 0
505 438 1
216 298 0
349 430 1
315 14 0
351 69 1
92 352 0
604 80 1
528 87 0
157 377 1
15 171 0
362 28 1
115 402 0
175 148 1
188 42 0
224 358 1
477 134 0
177 53 1
21 372 0
43 141 1
400 333 0
32 40 1
532 187 0
27 110 1
283 299 0
328 359 1
357 338 0
112 0 1
117 355 0
126 368 1
351 289 0
218 17 1
77 401 0
552 245 1
368 172 0
68 1 1
147 105 0
604 426 1
6 384 0
162 194 1
188 331 0
43 148 1
31 375 0
330 371 1
317 33 0
91 243 1
207 367 0
225 368 1
582 7 0
91 275 1
523 50 0
395 15 1
298 150 0
438 377 1
513 77 0
516 0 1
639 369 0
4 40 1
333 155 0
149 284 1
172 5 0
158 15 1
628 393 0
464 160 1
98 134 0
459 40 1
273 146 0
301 98 1
315 416 0
573 104 1
415 410 0
143 304 1
216 37 0
445 150 1
583 128 0
629 306 1
100 195 0
1 303 1
540 338 0
464 381 1
102 57 0
534 49 1
180 92 0
481 429 1
43 184 0
629 421 1
513 256 0
508 410 1
499 288 0
32 232 1
41 180 0
114 116 1
137 78 0
115 334 1
558 399 0
445 152 1
281 268 0
393 219 1
96 6 0
366 300 1
588 44 0
404 110 1
118 56 0
356 74 1
51 429 0
509 91 1
458 19 0
360 434 1
173 219 0
464 203 1
346 232 0
594 269 1
637 311 0
284 166 1
480 345 0
356 443 1
369 338 0
127 368 1
498 341 0
508 141 1
569 217 0
72 99 1
38 351 0
260 352 1
402 25 0
601 49 1
250 195 0
53 272 1
389 327 0
159 430 1
46 55 0
549 242 1
192 424 0
346 377 1
298 66 0
250 164 1
434 433 0
603 431 1
158 206 0
266 15 1
11 19 0
604 187 1
477 324 0
281 107 1
463 268 0
194 186 1
125 372 0
467 377 1
206 192 0
603 368 1
208 398 0
155 300 1
118 103 0
32 116 1
432 87 0
235 431 1
371 13 0
393 40 1
65 71 0
582 64 1
158 325 0
111 358 1
298 293 0
207 261 1
383 427 0
262 245 1
296 168 0
496 367 1
506 109 0
302 148 1
379 42 0
194 275 1
510 224 0
468 138 1
540 441 0
459 163 1
428 311 0
40 391 1
74 119 0
468 139 1
344 260 0
505 430 1
289 423 0
549 180 1
601 264 0
62 71 1
520 376 0
657 365 1
532 335 0
354 130 1
277 377 0
276 130 1
267 351 0
275 130 1
641 428 0
464 241 1
16 320 0
349 369 1
53 434 0
406 110 1
204 314 0
390 164 1
353 143 0
224 260 1
632 27 0
85 13 1
388 442 0
171 305 1
308 268 0
508 232 1
351 80 0
553 320 1
77 407 0
208 424 1
270 22 0
92 18 1
656 134 0
496 352 1
559 388 0
562 357 1
24 400 0
549 426 1
283 51 0
461 217 1
62 128 0
132 429 1
427 415 0
89 40 1
295 394 0
350 234 1
234 25 0
164 426 1
531 171 0
62 410 1
263 130 0
553 124 1
602 152 0
659 1 1
403 21 0
627 100 1
110 200 0
546 53 1
164 79 0
105 284 1
662 74 0
549 183 1
531 210 0
85 22 1
480 191 0
37 182 1
203 222 0
143 98 1
641 96 0
363 304 1
494 143 0
333 148 1
441 444 0
640 377 1
499 252 0
553 262 1
540 318 0
568 368 1
250 167 0
135 0 1
406 199 0
175 141 1
302 362 0
37 426 1
370 242 0
303 53 1
170 430 0
225 430 1
170 212 0
127 369 1
217 171 0
157 205 1
16 300 0
629 336 1
372 407 0
53 243 1
223 69 0
501 130 1
83 235 0
593 30 1
211 106 0
14 148 1
152 366 0
360 293 1
202 62 0
251 371 1
477 403 0
436 273 1
4 158 0
378 104 1
556 270 0
245 40 1
314 322 0
591 377 1
188 174 0
481 261 1
1 348 0
1 243 1
117 199 0
130 430 1
356 108 0
464 280 1
405 207 0
606 344 1
392 289 0
457 53 1
382 298 0
202 141 1
203 104 0
568 429 1
350 240 0
191 284 1
468 106 0
654 377 1
185 370 0
606 347 1
128 437 0
194 304 1
177 123 0
62 121 1
154 84 0
618 127 1
450 76 0
351 303 1
315 395 0
4 104 1
248 429 0
508 40 1
205 137 0
496 305 1
249 172 0
489 66 1
24 233 0
19 11 1
495 298 0
422 361 1
400 182 0
619 399 1
586 96 0
623 8 1
105 251 0
114 219 1
47 281 0
15 28 1
372 371 0
524 352 1
351 255 0
337 245 1
376 244 0
148 107 1
662 408 0
267 53 1
599 375 0
175 40 1
386 320 0
127 300 1
90 79 0
403 115 1
201 79 0
458 1 1
311 268 0
351 130 1
616 253 0
18 352 1
574 204 0
356 344 1
553 84 0
89 163 1
112 398 0
225 261 1
67 143 0
464 99 1
374 247 0
330 429 1
545 343 0
175 163 1
310 167 0
652 354 1
632 309 0
391 113 1
520 420 0
605 369 1
551 67 0
398 15 1
345 431 0
245 372 1
638 30 0
461 259 1
374 440 0
32 410 1
312 93 0
199 261 1
213 262 0
517 28 1
455 386 0
148 410 1
312 397 0
390 63 1
476 25 0
52 431 1
75 265 0
4 100 1
367 426 0
518 368 1
548 333 0
142 5 1
333 347 0
363 316 1
282 129 0
9 107 1
399 432 0
6 53 1
192 92 0
479 261 1
162 70 0
641 53 1
587 249 0
625 297 1
116 429 0
553 30 1
131 284 0
603 300 1
421 290 0
510 90 1
149 140 0
49 14 1
322 21 0
562 352 1
381 158 0
649 74 1
115 243 0
104 116 1
446 377 0
226 431 1
567 66 0
645 368 1
79 171 0
508 143 1
180 150 0
562 110 1
47 214 0
84 141 1
151 114 0
330 300 1
523 238 0
64 138 1
113 416 0
14 68 1
434 275 0
67 23 1
98 190 0
143 316 1
418 434 0
580 371 1
604 388 0
301 110 1
166 43 0
268 163 1
237 43 0
171 367 1
231 364 0
117 369 1
292 350 0
333 232 1
540 275 0
163 157 1
207 294 0
53 98 1
559 68 0
283 130 1
73 77 0
553 159 1
313 359 0
389 28 1
431 176 0
174 15 1
620 429 0
53 110 1
627 133 0
657 391 1
130 388 0
111 52 1
80 218 0
334 6 1
359 62 0
171 273 1
41 103 0
287 64 1
340 163 0
509 105 1
131 164 0
195 11 1
134 300 0
553 378 1
387 230 0
43 100 1
626 358 0
297 28 1
466 109 0
323 178 1
366 26 0
354 110 1
564 72 0
386 251 1
279 2 0
482 361 1
507 437 0
350 58 1
304 196 0
66 251 1
652 233 0
582 178 1
567 164 0
298 261 1
607 256 0
268 410 1
214 133 0
363 70 1
481 315 0
171 70 1
337 300 0
238 125 1
652 422 0
391 15 1
10 86 0
521 272 1
283 14 0
441 19 1
1 368 0
4 68 1
55 140 0
309 0 1
26 384 0
466 110 1
432 150 0
64 92 1
588 168 0
568 431 1
233 12 0
259 368 1
156 153 0
235 261 1
423 425 0
32 104 1
421 11 0
431 39 1
69 297 0
547 133 1
146 175 0
359 232 1
355 272 0
459 377 1
196 178 0
626 282 1
61 89 0
254 0 1
311 315 0
403 100 1
38 350 0
622 19 1
103 413 0
298 430 1
5 148 0
221 261 1
466 324 0
593 133 1
402 183 0
58 130 1
567 383 0
527 251 1
351 53 0
508 377 1
641 51 0
638 232 1
332 253 0
94 198 1
516 77 0
259 430 1
656 270 0
626 87 1
523 221 0
464 320 1
168 68 0
445 148 1
248 180 0
436 352 1
599 60 0
84 410 1
161 376 0
610 40 1
262 379 0
619 408 1
222 37 0
330 368 1
652 61 0
133 116 1
486 161 0
638 100 1
275 140 0
126 261 1
470 326 0
547 26 1
134 403 0
604 147 1
182 235 0
461 104 1
191 127 0
296 261 1
565 439 0
83 429 1
75 90 0
5 7 1
88 327 0
260 273 1
188 104 0
365 162 1
37 302 0
573 100 1
376 126 0
83 369 1
220 59 0
468 426 1
14 436 0
45 15 1
202 105 0
524 110 1
50 98 0
84 259 1
87 63 0
226 429 1
271 0 0
593 117 1
505 149 0
388 431 1
145 195 0
251 369 1
621 10 0
509 442 1
132 197 0
126 430 1
389 26 0
27 130 1
55 360 0
609 15 1
34 76 0
11 361 1
648 127 0
496 69 1
342 66 0
148 100 1
532 362 0
536 40 1
233 255 0
464 200 1
366 206 0
351 110 1
43 380 0
84 148 1
514 163 0
212 317 1
501 402 0
652 55 1
343 18 0
604 178 1
613 434 0
275 141 1
14 84 0
323 92 1
571 52 0
321 213 1
198 197 0
363 110 1
83 103 0
59 141 1
171 433 0
4 232 1
83 336 0
18 304 1
378 126 0
634 26 1
399 406 0
86 232 1
211 221 0
193 429 1
615 72 0
379 64 1
96 300 0
301 305 1
579 177 0
393 107 1
52 412 0
89 116 1
57 152 0
89 217 1
328 252 0
71 17 1
510 423 0
652 289 1
301 420 0
428 53 1
436 207 0
37 146 1
195 222 0
629 58 1
520 161 0
196 107 1
148 174 0
334 166 1
496 257 0
608 178 1
576 431 0
104 37 1
645 334 0
395 49 1
448 65 0
481 368 1
649 243 0
658 292 1
156 432 0
650 0 1
391 96 0
518 371 1
646 29 0
629 227 1
449 353 0
148 40 1
498 414 0
393 259 1
377 378 0
300 368 1
456 313 0
243 251 1
412 54 0
536 219 1
87 404 0
553 36 1
234 284 0
474 174 1
593 155 0
464 201 1
388 345 0
614 359 1
600 105 0
189 228 1
210 370 0
64 147 1
10 38 0
598 251 1
230 372 0
405 148 1
334 180 0
453 38 1
622 413 0
18 98 1
409 264 0
461 410 1
114 258 0
215 49 1
273 278 0
580 300 1
239 260 0
630 15 1
15 370 0
444 303 1
68 113 0
393 163 1
408 402 0
569 300 1
532 303 0
363 367 1
257 175 0
268 411 1
376 92 0
524 304 1
347 54 0
356 435 1
240 65 0
493 49 1
600 169 0
619 270 1
500 156 0
631 28 1
119 336 0
210 53 1
528 98 0
405 232 1
555 180 0
483 261 1
398 115 0
170 245 1
138 422 0
205 49 1
59 380 0
208 166 1
499 3 0
159 371 1
309 193 0
255 369 1
306 160 0
245 232 1
335 205 0
157 85 1
250 262 0
523 53 1
465 235 0
608 426 1
520 6 0
384 361 1
564 0 0
96 153 1
565 114 0
593 26 1
651 249 0
175 232 1
486 23 0
536 148 1
338 269 0
638 411 1
196 125 0
403 333 1
397 443 0
638 148 1
621 409 0
349 431 1
141 185 0
549 176 1
545 139 0
619 231 1
266 210 0
461 107 1
230 326 0
629 245 1
354 428 0
126 300 1
589 240 0
604 242 1
457 394 0
113 357 1
76 377 0
505 429 1
551 202 0
275 110 1
193 247 0
606 346 1
126 94 0
133 163 1
40 276 0
479 431 1
370 4 0
459 338 1
446 48 0
459 116 1
268 220 0
606 350 1
319 237 0
568 430 1
340 340 0
70 204 1
32 187 0
53 130 1
128 9 0
42 119 1
263 81 0
18 186 1
529 440 0
579 130 1
434 351 0
268 68 1
442 151 0
436 186 1
378 435 0
654 259 1
291 142 0
487 49 1
575 326 0
569 430 1
121 392 0
579 110 1
211 342 0
378 412 1
110 2 0
281 232 1
547 77 0
260 186 1
457 194 0
583 359 1
14 94 0
580 431 1
80 289 0
365 141 1
263 44 0
242 212 1
45 280 0
199 371 1
63 72 0
305 130 1
499 236 0
607 22 1
57 349 0
34 141 1
544 276 0
278 15 1
347 59 0
194 305 1
72 307 0
8 49 1
222 156 0
114 107 1
97 119 0
366 369 1
12 138 0
464 89 1
431 168 0
536 259 1
361 198 0
62 104 1
553 388 0
38 430 1
325 103 0
619 409 1
534 178 0
398 49 1
580 74 0
515 130 1
623 289 0
117 261 1
175 307 0
571 117 1
84 248 0
304 0 1
172 402 0
461 412 1
455 311 0
436 130 1
127 129 0
72 133 1
662 63 0
182 110 1
43 273 0
361 245 1
367 331 0
84 217 1
146 9 0
34 100 1
118 285 0
136 261 1
449 392 0
196 100 1
490 133 0
356 1 1
293 153 0
476 53 1
507 153 0
300 261 1
301 88 0
396 22 1
381 369 0
535 100 1
62 409 0
561 300 1
177 61 0
573 148 1
254 405 0
469 415 1
421 216 0
62 330 1
307 294 0
286 141 1
306 46 0
10 37 1
308 201 0
470 359 1
624 409 0
281 104 1
485 294 0
265 28 1
661 267 0
91 305 1
327 432 0
402 293 1
530 90 0
163 377 1
638 208 0
34 377 1
22 287 0
459 100 1
295 58 0
89 232 1
288 401 0
492 0 1
114 246 0
519 164 1
417 295 0
236 110 1
560 436 0
657 284 1
110 248 0
236 305 1
82 136 0
240 259 1
629 360 0
410 28 1
294 366 0
604 333 1
569 19 0
35 261 1
363 424 0
565 90 1
25 236 0
553 332 1
3 202 0
282 3 1
145 409 0
143 70 1
269 26 0
520 369 1
221 8 0
268 232 1
310 276 0
534 15 1
492 332 0
157 412 1
374 314 0
476 28 1
246 80 0
652 315 1
360 79 0
464 114 1
48 296 0
501 141 1
607 176 0
553 201 1
89 345 0
376 261 1
475 252 0
464 45 1
585 363 0
440 157 1
36 345 0
235 429 1
395 226 0
514 15 1
103 424 0
260 275 1
514 387 0
364 368 1
422 331 0
327 107 1
590 93 0
464 34 1
9 143 0
553 277 1
648 264 0
64 426 1
439 321 0
157 109 1
119 56 0
21 28 1
539 100 0
403 163 1
309 351 0
315 261 1
498 330 0
396 117 1
357 328 0
281 377 1
648 243 0
203 431 1
647 38 0
543 181 1
444 217 0
255 429 1
549 441 0
194 69 1
596 369 0
224 310 1
9 66 0
654 410 1
228 267 0
37 138 1
482 381 0
407 365 1
233 280 0
327 141 1
20 310 0
34 133 1
51 337 0
629 396 1
99 264 0
32 411 1
328 414 0
366 261 1
280 360 0
605 431 1
493 138 0
259 261 1
290 194 0
464 299 1
354 241 0
193 430 1
160 26 0
34 163 1
565 242 0
36 110 1
224 140 0
608 147 1
312 429 0
498 64 1
212 362 0
232 15 1
637 261 0
374 358 1
224 129 0
316 90 1
125 172 0
157 160 1
30 16 0
464 268 1
46 169 0
236 352 1
251 107 0
599 251 1
289 367 0
654 141 1
190 336 0
324 90 1
131 230 0
319 413 1
497 214 0
553 215 1
228 329 0
194 272 1
630 148 0
38 429 1
118 252 0
444 130 1
653 295 0
342 128 1
568 184 0
629 185 1
471 52 0
627 68 1
320 71 0
114 338 1
145 243 0
113 304 1
479 47 0
471 254 1
219 324 0
418 50 1
301 67 0
654 232 1
550 179 0
88 371 1
454 187 0
251 261 1
277 234 0
153 49 1
102 324 0
455 328 1
594 289 0
610 116 1
324 393 0
407 391 1
43 352 0
199 368 1
466 372 0
579 141 1
483 11 0
342 385 1
581 431 0
327 148 1
105 217 0
175 104 1
116 369 0
568 371 1
337 426 0
606 290 1
93 397 0
610 141 1
204 352 0
90 245 1
5 340 0
84 116 1
224 277 0
553 274 1
269 299 0
114 377 1
640 381 0
38 369 1
637 100 0
515 141 1
85 365 0
442 368 1
127 137 0
320 261 1
622 102 0
72 108 1
392 223 0
539 90 1
362 256 0
464 38 1
41 55 0
442 431 1
161 139 0
114 68 1
183 385 0
464 36 1
65 182 0
161 431 1
76 287 0
378 100 1
462 61 0
194 98 1
107 88 0
122 429 1
474 102 0
155 429 1
166 151 0
161 429 1
660 180 0
468 64 1
386 128 0
518 429 1
73 288 0
605 368 1
87 277 0
177 28 1
650 244 0
251 430 1
408 163 0
543 138 1
614 106 0
388 369 1
558 175 0
193 368 1
149 80 0
333 411 1
186 442 0
503 110 1
227 93 0
354 141 1
297 413 0
606 343 1
628 357 0
89 219 1
106 33 0
43 104 1
110 80 0
93 245 1
7 195 0
196 68 1
83 174 0
375 49 1
50 382 0
260 305 1
126 404 0
20 28 1
596 185 0
638 107 1
348 102 0
502 106 1
163 208 0
433 261 1
96 142 0
268 259 1
50 135 0
326 251 1
581 22 0
9 217 1
284 233 0
164 242 1
590 85 0
28 49 1
462 56 0
91 69 1
399 243 0
508 85 1
569 28 0
127 430 1
417 344 0
374 293 1
488 52 0
525 15 1
651 416 0
521 357 1
463 121 0
373 164 1
214 140 0
226 369 1
170 258 0
263 24 1
348 104 0
497 33 1
146 272 0
133 104 1
474 435 0
18 130 1
269 10 0
604 182 1
6 355 0
245 107 1
566 359 0
185 245 1
501 343 0
62 140 1
325 190 0
157 163 1
365 101 0
4 148 1
489 125 0
1 141 1
445 187 0
1 130 1
103 394 0
2 53 1
454 438 0
193 300 1
248 381 0
436 367 1
373 428 0
524 370 1
422 190 0
352 164 1
45 45 0
459 412 1
567 169 0
464 41 1
330 345 0
17 369 1
640 193 0
34 148 1
2 59 0
104 100 1
651 22 0
0 213 1
49 358 0
287 147 1
156 132 0
226 300 1
526 118 0
654 104 1
219 125 0
307 25 1
378 111 0
378 148 1
83 427 0
35 371 1
319 437 0
84 232 1
427 221 0
449 15 1
560 435 0
610 104 1
440 350 0
619 405 1
183 340 0
143 275 1
505 376 0
522 180 1
270 216 0
496 141 1
5 344 0
32 46 1
185 116 0
9 412 1
138 302 0
270 429 1
8 417 0
443 429 1
504 81 0
608 181 1
55 196 0
654 107 1
29 43 0
26 261 1
112 5 0
349 300 1
218 253 0
43 377 1
122 389 0
518 261 1
122 15 0
224 229 1
587 187 0
496 272 1
96 138 0
569 369 1
617 153 0
83 368 1
382 326 0
239 391 1
510 87 0
604 64 1
202 327 0
524 272 1
454 261 0
270 438 1
41 16 0
562 367 1
277 238 0
561 261 1
73 120 0
593 33 1
412 328 0
555 15 1
630 25 0
582 181 1
295 35 0
4 219 1
447 176 0
547 41 1
605 375 0
348 377 1
573 20 0
333 217 1
512 310 0
289 38 1
318 300 0
164 179 1
434 4 0
287 138 1
514 339 0
37 181 1
128 112 0
536 411 1
486 373 0
114 412 1
519 108 0
65 130 1
604 111 0
574 300 1
51 26 0
445 153 1
197 96 0
227 395 1
563 53 0
240 148 1
111 161 0
330 430 1
29 121 0
120 254 1
378 22 0
540 130 1
288 348 0
573 232 1
579 163 0
532 261 1
595 410 0
179 19 1
17 110 0
494 28 1
285 385 0
47 141 1
655 249 0
606 388 1
403 167 0
163 63 1
127 132 0
159 431 1
259 228 0
17 368 1
451 3 0
611 49 1
566 375 0
587 0 1
102 331 0
40 284 1
581 61 0
526 111 1
551 160 0
161 300 1
315 129 0
356 349 1
433 227 0
627 232 1
416 37 0
638 40 1
226 93 0
405 116 1
53 68 0
364 300 1
38 358 0
143 357 1
423 386 0
562 305 1
605 18 0
646 106 1
460 29 0
464 332 1
24 43 0
553 83 1
53 377 0
113 275 1
258 78 0
335 261 1
190 192 0
301 243 1
251 205 0
333 410 1
301 377 0
130 369 1
258 347 0
574 430 1
120 116 0
141 0 1
625 169 0
292 377 1
351 94 0
32 148 1
390 126 0
104 153 1
343 344 0
629 246 1
77 183 0
287 139 1
604 241 0
439 53 1
28 347 0
194 303 1
20 150 0
619 265 1
377 102 0
116 100 1
264 296 0
459 259 1
29 274 0
132 300 1
161 273 0
521 370 1
549 97 0
496 98 1
150 321 0
521 275 1
581 14 0
133 232 1
22 363 0
443 430 1
337 87 0
333 104 1
132 70 0
301 273 1
218 251 0
111 250 1
451 296 0
496 303 1
124 250 0
113 367 1
268 420 0
147 62 1
383 60 0
446 15 1
423 391 0
130 261 1
336 424 0
497 253 1
75 307 0
498 426 1
323 134 0
556 432 1
412 363 0
83 261 1
380 288 0
521 243 1
454 247 0
95 261 1
308 10 0
638 141 1
591 313 0
561 431 1
36 318 0
303 28 1
133 267 0
522 182 1
602 403 0
403 68 1
109 215 0
155 371 1
397 117 0
132 261 1
121 397 0
393 412 1
113 443 0
276 110 1
488 238 0
201 432 1
487 440 0
208 244 1
14 300 0
258 261 1
516 102 0
342 328 1
538 339 0
301 367 1
6 43 0
251 431 1
172 110 0
365 104 1
267 318 0
194 237 1
362 276 0
225 369 1
636 215 0
136 300 1
187 281 0
260 243 1
634 99 0
30 430 1
60 208 0
645 261 1
397 72 0
295 361 1
646 299 0
124 371 1
306 439 0
612 261 1
104 87 0
1 357 1
120 419 0
520 430 1
142 123 0
62 107 1
589 339 0
319 37 1
65 243 0
593 253 1
267 394 0
468 92 1
200 363 0
511 15 1
200 258 0
508 107 1
527 175 0
174 49 1
457 155 0
171 303 1
618 359 0
464 222 1
223 386 0
521 316 1
129 391 0
605 429 1
424 201 0
636 312 1
207 112 0
627 412 1
404 51 0
9 163 1
56 430 0
553 223 1
347 302 0
200 107 1
278 407 0
553 34 1
533 395 0
627 107 1
175 136 0
627 148 1
306 131 0
17 429 1
93 257 0
533 5 1
50 214 0
62 68 1
603 124 0
64 178 1
108 283 0
558 359 1
277 84 0
486 15 1
314 98 0
453 26 1
118 260 0
553 38 1
12 413 0
549 181 1
240 13 0
363 273 1
208 25 0
652 32 1
275 398 0
175 68 1
554 236 0
35 430 1
347 13 0
280 0 1
451 389 0
223 0 1
528 250 0
91 304 1
403 46 0
234 63 1
150 26 0
463 228 1
200 357 0
351 243 1
21 27 0
14 232 1
343 370 0
497 26 1
640 311 0
148 104 1
624 418 0
96 149 1
517 77 0
301 141 1
44 320 0
343 130 1
585 126 0
468 242 1
629 430 0
543 426 1
330 432 0
126 431 1
323 71 0
258 368 1
279 126 0
562 316 1
81 357 0
258 300 1
42 83 0
440 63 1
91 239 0
336 261 1
232 93 0
553 203 1
190 248 0
202 40 1
279 24 0
9 411 1
350 181 0
294 37 1
322 50 0
104 40 1
604 346 0
91 367 1
582 428 0
543 139 1
185 262 0
459 372 1
71 26 0
563 110 1
283 217 0
444 273 1
17 177 0
464 120 1
91 266 0
240 411 1
45 326 0
459 107 1
277 353 0
44 28 1
566 233 0
619 404 1
338 409 0
557 7 1
71 220 0
260 304 1
267 58 0
380 11 1
409 420 0
553 63 1
311 63 0
468 147 1
640 325 0
573 141 1
130 295 0
224 434 1
381 18 0
157 219 1
596 442 0
423 0 1
13 312 0
363 352 1
603 52 0
208 230 1
9 89 0
382 8 1
225 242 0
257 365 1
245 236 0
274 261 1
211 202 0
18 275 1
146 100 0
587 16 1
470 105 0
29 390 1
4 18 0
436 141 1
541 206 0
333 68 1
237 371 0
447 97 1
352 158 0
442 371 1
609 383 0
43 107 1
110 362 0
363 303 1
434 21 0
569 429 1
60 168 0
640 157 1
31 168 0
453 30 1
428 415 0
124 369 1
602 311 0
412 28 1
598 248 0
256 361 1
253 194 0
89 410 1
438 236 0
459 219 1
636 406 0
72 33 1
302 204 0
365 410 1
346 26 0
496 243 1
269 127 0
547 253 1
587 306 0
240 100 1
348 234 0
453 117 1
572 213 0
30 300 1
245 299 0
460 0 1
401 426 0
584 261 1
591 107 0
260 367 1
36 259 0
549 179 1
583 162 0
403 73 1
222 132 0
652 250 1
333 125 0
521 98 1
347 133 0
255 430 1
374 7 0
246 53 1
398 299 0
191 365 1
317 314 0
300 429 1
583 346 0
464 274 1
309 78 0
78 53 1
337 209 0
311 130 1
119 156 0
544 300 1
186 212 0
124 429 1
560 262 0
13 251 1
13 435 0
37 80 1
333 299 0
444 70 1
601 401 0
634 253 1
20 265 0
84 168 1
618 241 0
247 37 1
339 396 0
416 15 1
356 103 0
619 401 1
259 315 0
435 433 1
570 362 0
111 278 1
480 121 0
629 126 1
353 310 0
365 377 1
572 350 0
211 49 1
153 1 0
498 178 1
441 351 0
234 164 1
331 122 0
385 285 1
388 313 0
253 27 1
117 230 0
414 261 1
58 290 0
116 40 1
545 117 0
350 356 1
501 183 0
635 4 1
289 121 0
18 316 1
523 180 0
242 213 1
385 402 0
629 311 1
627 394 0
301 70 1
599 401 0
604 139 1
210 45 0
445 149 1
513 254 0
173 28 1
94 317 0
508 68 1
408 29 0
99 0 1
449 63 0
359 100 1
201 5 0
268 377 1
157 320 0
72 26 1
54 94 0
629 184 1
466 48 0
281 68 1
500 31 0
348 63 1
355 364 0
260 98 1
223 31 0
607 14 1
122 307 0
84 440 1
427 211 0
444 69 1
602 361 0
327 40 1
581 316 0
359 141 1
190 216 0
497 133 1
330 220 0
34 104 1
607 278 0
259 369 1
438 229 0
301 352 1
171 12 0
642 49 1
648 322 0
464 124 1
295 78 0
171 304 1
295 186 0
420 439 1
545 430 0
236 303 1
9 198 0
520 371 1
250 432 0
194 370 1
90 360 0
268 116 1
653 170 0
364 371 1
605 367 0
97 254 1
654 88 0
443 368 1
272 442 0
38 300 1
51 32 0
619 406 1
661 255 0
405 141 1
56 318 0
524 70 1
445 199 0
236 370 1
45 436 0
216 53 1
282 46 0
593 41 1
78 190 0
508 441 1
614 210 0
359 148 1
535 126 0
114 217 1
34 307 0
147 269 1
630 257 0
260 370 1
109 409 0
113 186 1
641 222 0
652 428 1
553 245 0
547 30 1
79 266 0
81 251 1
547 345 0
590 49 1
445 299 0
314 245 1
179 357 0
64 181 1
54 18 0
365 259 1
468 364 0
573 116 1
143 23 0
193 261 1
412 254 0
498 181 1
243 355 0
444 272 1
572 57 0
113 316 1
622 336 0
461 219 1
361 288 0
522 441 1
360 57 0
535 148 1
117 350 0
629 422 1
402 389 0
442 300 1
182 223 0
548 130 1
247 337 0
586 363 1
50 147 0
196 116 1
497 255 0
520 300 1
173 66 0
107 302 1
266 326 0
554 107 1
412 433 0
464 133 1
242 214 0
110 166 1
139 434 0
87 0 1
553 228 0
356 346 1
87 68 0
606 345 1
38 222 0
549 187 1
462 375 0
597 7 1
14 75 0
30 371 1
478 317 0
604 183 1
277 85 0
232 49 1
571 152 0
524 357 1
385 307 0
630 49 1
384 107 0
196 141 1
558 71 0
126 369 1
203 11 0
154 164 1
162 370 0
37 178 1
243 207 0
160 28 1
396 53 0
36 141 1
526 363 0
436 243 1
618 333 0
639 245 1
186 365 0
393 68 1
159 3 0
58 141 1
417 339 0
574 368 1
422 172 0
520 368 1
190 64 0
27 141 1
125 91 0
89 338 1
34 407 0
375 15 1
40 96 0
91 357 1
257 315 0
489 60 1
132 332 0
466 141 1
142 382 0
169 37 1
351 325 0
654 40 1
276 240 0
245 100 1
658 380 0
610 377 1
580 26 0
94 196 1
573 67 0
157 410 1
156 443 0
240 116 1
100 105 0
553 268 1
132 411 0
91 186 1
617 134 0
553 99 1
396 411 0
104 107 1
337 141 0
213 261 1
269 212 0
233 129 1
624 331 0
610 163 1
518 152 0
372 90 1
4 284 0
156 9 1
267 322 0
196 40 1
569 70 0
245 116 1
6 260 0
573 377 1
285 140 0
638 377 1
277 117 0
456 314 1
79 353 0
403 141 1
489 141 0
219 245 1
50 232 0
479 429 1
293 405 0
444 316 1
382 301 0
199 429 1
596 103 0
227 392 1
283 171 0
1 273 1
246 241 0
143 273 1
77 328 0
166 361 1
597 58 0
17 431 1
527 388 0
118 312 1
498 66 0
9 259 1
10 436 0
403 96 1
251 117 0
549 146 1
395 115 0
524 69 1
18 415 0
116 68 1
315 431 0
574 261 1
400 379 0
297 53 1
210 138 0
553 222 1
515 385 0
122 371 1
395 144 0
197 283 1
464 249 0
62 131 1
96 245 0
528 37 1
485 22 0
143 141 1
85 218 0
260 237 1
214 74 0
356 351 1
321 316 0
437 28 1
412 47 0
403 140 1
655 309 0
62 353 1
292 224 0
9 219 1
178 319 0
508 134 1
600 365 0
149 391 1
299 71 0
351 273 1
461 294 0
464 279 1
364 36 0
12 27 1
476 444 0
640 63 1
207 412 0
621 49 1
314 348 0
41 54 1
448 98 0
345 212 1
396 271 0
444 98 1
339 146 0
358 15 1
334 179 0
157 134 1
509 373 0
391 141 1
132 76 0
245 259 1
564 361 0
643 49 1
98 123 0
536 232 1
600 263 0
259 371 1
517 409 0
249 28 1
373 305 0
245 410 1
652 65 0
143 272 1
349 54 0
171 243 1
95 273 0
359 104 1
225 47 0
18 237 1
81 18 0
438 116 1
565 382 0
124 261 1
117 342 0
383 0 1
164 31 0
69 261 1
476 225 0
161 371 1
325 188 0
540 110 1
243 264 0
459 410 1
255 435 0
654 412 1
439 177 0
464 214 1
656 384 0
545 1 1
260 262 0
192 15 1
309 426 0
302 116 1
134 442 0
466 130 1
288 98 0
86 141 1
188 228 0
359 116 1
553 415 0
580 261 1
311 11 0
378 411 1
241 292 0
615 130 1
552 444 0
350 15 1
306 43 0
6 28 1
615 417 0
227 393 1
354 155 0
388 300 1
518 289 0
350 190 1
239 299 0
589 431 1
32 328 0
461 377 1
229 262 0
290 15 1
272 227 0
603 369 1
207 204 0
159 369 1
426 6 0
72 30 1
83 338 0
234 377 1
357 229 0
518 431 1
306 335 0
558 113 1
125 135 0
619 123 1
424 332 0
235 430 1
158 386 0
638 163 1
509 195 0
403 107 1
568 297 0
521 352 1
331 215 0
240 104 1
387 12 0
426 49 1
252 322 0
393 104 1
393 276 0
339 251 1
96 182 0
627 411 1
472 39 0
388 368 1
120 91 0
464 382 1
557 241 0
366 371 1
450 259 0
32 100 1
329 135 0
438 163 1
229 367 0
393 410 1
20 264 0
301 275 1
583 110 0
553 380 1
166 14 0
53 367 1
296 171 0
402 358 1
300 49 0
464 236 1
467 208 0
496 357 1
170 120 0
15 53 1
643 364 0
250 157 1
396 26 0
627 377 1
246 212 0
644 28 1
26 19 0
268 141 1
450 220 0
159 300 1
95 307 0
634 133 1
412 203 0
508 259 1
397 364 0
65 141 1
234 72 0
632 7 1
57 298 0
548 141 1
392 42 0
356 388 1
574 4 0
84 411 1
476 161 0
561 369 1
605 327 0
559 110 1
210 441 0
14 104 1
202 20 0
244 21 1
123 227 0
111 309 1
349 80 0
323 147 1
325 375 0
171 352 1
84 294 0
589 261 1
524 408 0
562 243 1
402 58 0
364 431 1
469 309 0
582 242 1
61 10 0
283 110 1
389 365 0
572 377 1
265 52 0
268 100 1
560 258 0
652 309 1
493 289 0
4 411 1
222 351 0
388 261 1
555 190 0
449 49 1
227 377 0
343 110 1
210 99 0
618 78 1
620 371 0
464 51 1
162 299 0
236 186 1
529 206 0
388 430 1
368 405 0
502 157 1
297 416 0
436 303 1
525 251 0
208 245 1
231 254 0
553 41 1
82 443 0
419 15 1
543 301 0
509 84 1
199 309 0
299 18 1
530 360 0
351 70 1
558 95 0
468 181 1
178 383 0
403 131 1
419 333 0
479 430 1
468 431 0
604 180 1
401 413 0
629 225 1
320 328 0
203 300 1
10 318 0
507 323 1
200 402 0
608 64 1
522 28 0
459 68 1
114 49 0
32 338 1
526 124 0
250 377 1
517 249 0
351 11 1
316 361 0
464 266 1
88 117 0
403 155 1
352 83 0
503 130 1
73 231 0
114 148 1
254 179 0
468 179 1
546 182 0
88 261 1
223 435 0
194 110 1
399 328 0
236 272 1
433 444 0
8 15 1
503 199 0
286 110 1
286 41 0
301 69 1
605 426 0
333 116 1
442 153 0
629 423 1
573 308 0
553 51 1
515 400 0
388 429 1
407 352 0
37 176 1
238 237 0
518 430 1
313 440 0
331 11 1
18 380 0
304 322 1
413 44 0
4 338 1
520 356 0
464 83 1
77 286 0
88 431 1
144 181 0
363 141 1
565 51 0
615 110 1
633 259 0
240 107 1
599 116 0
459 141 1
524 373 0
487 15 1
375 211 0
84 377 1
531 270 0
273 113 1
8 189 0
4 163 1
338 10 0
226 430 1
21 59 0
9 338 1
537 359 0
374 260 1
445 81 0
171 237 1
316 317 0
182 130 1
307 245 0
190 245 1
196 325 0
440 26 1
352 209 0
17 430 1
369 133 0
332 7 1
100 344 0
459 104 1
38 52 0
512 0 1
286 382 0
52 368 1
540 369 0
654 217 1
654 303 0
245 412 1
247 423 0
608 92 1
529 256 0
122 368 1
615 292 0
496 130 1
254 174 0
113 237 1
408 31 0
464 33 1
456 148 0
604 92 1
169 350 0
393 411 1
574 404 0
287 426 1
121 207 0
365 217 1
653 151 0
378 40 1
580 324 0
553 31 1
450 234 0
104 232 1
383 63 0
298 429 1
125 180 0
379 147 1
36 438 0
337 432 1
74 108 0
351 272 1
444 356 0
4 141 1
142 441 0
644 53 1
155 21 0
521 237 1
449 333 0
610 232 1
147 180 0
385 11 1
233 121 0
4 217 1
506 79 0
32 259 1
83 379 0
520 431 1
647 443 0
606 216 1
624 23 0
301 130 1
434 123 0
390 377 1
2 246 0
350 184 1
55 86 0
653 117 1
238 360 0
464 262 1
380 173 0
366 430 1
421 407 0
524 243 1
280 241 0
359 40 1
145 183 0
566 284 1
537 221 0
327 232 1
442 33 0
521 70 1
293 134 0
350 421 1
127 350 0
194 352 1
61 2 0
41 154 1
656 418 0
405 100 1
316 260 0
399 53 1
441 297 0
137 22 1
37 317 0
491 49 1
358 437 0
89 412 1
585 404 0
442 261 1
166 190 0
573 107 1
396 210 0
298 369 1
504 249 0
82 261 1
108 440 0
610 107 1
86 386 0
80 261 1
256 441 0
463 439 1
184 381 0
461 141 1
36 250 0
436 272 1
290 160 0
55 245 1
100 262 0
624 0 1
490 258 0
547 255 1
178 231 0
202 104 1
29 184 0
151 49 1
67 183 0
260 110 1
408 329 0
245 163 1
140 219 0
235 368 1
621 298 0
161 261 1
367 440 0
323 181 1
631 321 0
203 430 1
261 389 0
348 164 1
333 8 0
235 371 1
490 31 0
363 305 1
379 366 0
322 251 1
184 18 0
268 148 1
542 243 0
164 92 1
204 225 0
206 28 1
226 387 0
573 40 1
176 380 0
76 432 1
394 372 0
258 371 1
420 40 0
611 15 1
617 339 0
416 328 1
8 425 0
604 176 1
393 308 0
404 141 1
547 48 0
18 273 1
43 270 0
553 266 1
12 304 0
606 387 1
579 165 0
196 232 1
659 61 0
164 139 1
523 344 0
300 300 1
42 55 0
116 148 1
557 318 0
600 53 1
238 159 0
440 164 1
639 97 0
369 261 1
119 220 0
432 13 1
555 227 0
536 377 1
227 41 0
91 98 1
365 414 0
289 79 1
272 407 0
184 14 1
107 164 0
627 410 1
235 442 0
116 163 1
200 337 0
662 28 1
127 95 0
349 371 1
102 86 0
194 316 1
585 94 0
193 431 1
71 213 0
461 232 1
650 383 0
606 349 1
313 149 0
554 141 1
396 186 0
210 28 1
12 97 0
407 284 1
77 4 0
543 147 1
611 320 0
473 362 1
73 385 0
363 237 1
429 327 0
308 228 1
118 110 0
0 212 1
444 107 0
604 138 1
342 164 0
157 338 1
264 181 0
638 116 1
42 431 0
402 310 1
142 360 0
560 141 1
118 189 0
157 107 1
11 297 0
163 106 1
337 207 0
620 440 1
294 90 0
393 377 1
41 424 0
350 185 1
185 214 0
38 371 1
596 150 0
327 100 1
263 249 0
438 141 1
535 428 0
184 7 1
62 263 0
91 273 1
655 260 0
637 328 1
635 368 0
580 368 1
272 254 0
22 15 1
637 124 0
10 0 1
45 277 0
627 338 1
573 227 0
638 104 1
256 357 0
236 237 1
18 315 0
171 316 1
211 255 0
619 170 1
326 260 0
59 110 1
117 277 0
521 141 1
272 149 0
53 69 1
146 162 0
351 352 1
615 179 0
279 157 1
607 54 0
651 245 1
139 320 0
548 110 1
76 313 0
544 368 1
443 42 0
88 430 1
658 232 0
103 261 1
475 408 0
425 261 1
202 88 0
117 300 1
366 99 0
173 53 1
96 189 0
535 40 1
258 33 0
302 100 1
290 192 0
143 110 1
148 362 0
127 371 1
141 423 0
647 261 1
351 341 0
43 116 1
243 421 0
17 371 1
286 251 0
595 284 1
136 367 0
52 371 1
546 420 0
645 431 1
543 191 0
132 369 1
468 17 0
461 163 1
72 301 0
1 98 1
552 36 0
105 365 1
604 398 0
113 130 1
74 273 0
535 232 1
397 216 0
194 130 1
37 233 0
578 251 1
73 325 0
474 269 1
449 304 0
301 303 1
602 88 0
372 5 1
399 197 0
574 429 1
329 40 0
216 28 1
609 345 0
485 27 1
432 32 0
365 116 1
166 330 0
114 104 1
638 257 0
212 209 1
470 265 0
553 264 1
159 347 0
582 138 1
504 257 0
473 389 1
27 324 0
438 100 1
85 41 0
72 38 1
290 167 0
86 107 1
476 383 0
238 90 1
163 364 0
9 100 1
497 35 0
62 158 1
35 75 0
313 76 1
502 273 0
603 261 1
628 275 0
194 357 1
162 344 0
231 0 1
284 327 0
403 411 1
380 57 0
379 179 1
190 18 0
553 120 1
620 235 0
351 316 1
559 124 0
203 261 1
274 402 0
405 107 1
521 348 0
464 264 1
65 135 0
626 245 1
541 397 0
111 428 1
556 102 0
84 40 1
36 371 0
157 33 1
505 243 0
240 217 1
348 158 0
509 66 1
461 39 0
333 412 1
132 377 0
34 116 1
421 45 0
302 68 1
104 24 0
155 431 1
484 19 0
438 232 1
557 84 0
113 305 1
362 50 0
270 371 1
204 251 0
543 64 1
309 74 0
454 11 1
274 213 0
268 412 1
488 431 0
582 147 1
547 305 0
554 40 1
350 186 0
84 333 1
375 370 0
175 116 1
375 281 0
36 130 1
26 84 0
120 174 1
307 100 0
333 163 1
471 147 0
215 15 1
231 186 0
236 275 1
508 91 0
346 164 1
208 324 0
374 310 1
533 234 0
617 61 1
168 108 0
491 254 1
438 373 0
585 28 1
546 43 0
287 179 1
522 406 0
508 219 1
140 272 0
34 232 1
649 436 0
111 249 1
99 405 0
126 371 1
173 423 0
1 69 1
84 398 0
138 193 1
340 300 0
513 53 1
526 199 0
568 261 1
543 75 0
83 300 1
303 111 0
236 98 1
50 25 0
35 300 1
97 125 0
53 141 1
44 79 0
86 163 1
556 260 0
497 30 1
303 141 0
333 141 1
544 240 0
365 100 1
334 13 0
360 260 1
176 381 0
302 377 1
375 421 0
84 104 1
170 202 0
29 389 1
0 211 0
341 49 1
532 84 0
236 367 1
260 276 0
240 141 1
292 280 0
536 338 1
217 270 0
117 431 1
275 378 0
619 397 1
415 99 0
237 361 1
455 248 0
193 369 1
639 187 0
629 15 1
94 233 0
627 163 1
472 321 0
524 303 1
153 284 0
464 267 1
256 140 0
113 303 1
366 229 0
608 138 1
60 297 0
547 38 1
174 366 0
113 243 1
192 294 0
355 8 1
408 318 0
501 110 1
561 330 0
287 242 1
361 367 0
364 369 1
70 244 0
164 181 1
237 282 0
561 429 1
11 156 0
171 110 1
65 79 0
140 415 1
368 128 0
24 0 1
137 360 0
148 219 1
39 253 0
20 53 1
198 427 0
286 130 1
482 109 0
403 158 1
596 242 0
72 117 1
29 308 0
481 371 1
80 26 0
159 429 1
323 135 0
464 221 1
428 307 0
130 429 1
195 424 0
86 68 1
164 266 0
378 219 1
332 264 0
143 303 1
318 415 0
203 368 1
78 355 0
270 261 1
76 400 0
535 107 1
156 192 0
356 233 1
656 112 0
535 141 1
114 367 0
619 59 1
620 362 0
618 339 1
582 132 0
590 15 1
12 359 0
161 369 1
156 363 0
535 163 1
594 378 0
659 13 1
343 22 0
543 179 1
405 85 0
536 410 1
420 104 0
481 431 1
255 176 0
464 31 1
108 205 0
537 261 1
212 145 0
401 0 1
279 414 0
84 107 1
109 252 0
176 220 1
51 100 0
536 141 1
46 372 0
505 368 1
9 365 0
272 47 1
120 443 0
508 116 1
410 236 0
62 163 1
3 283 0
98 137 1
517 193 0
168 432 1
207 85 0
520 429 1
416 39 0
378 377 1
425 97 0
136 368 1
559 227 0
37 248 1
292 362 0
654 148 1
329 267 0
608 242 1
214 117 0
631 53 1
564 260 0
329 107 1
534 168 0
18 370 1
346 134 0
619 364 1
647 243 0
116 377 1
269 415 0
200 65 1
536 408 0
91 130 1
247 304 0
365 338 1
351 133 0
652 327 1
367 318 0
421 245 1
350 419 0
406 141 1
223 233 0
464 215 1
626 193 0
302 163 1
196 140 0
236 357 1
552 429 0
89 411 1
609 114 0
171 69 1
147 243 0
325 130 1
612 347 0
208 334 1
144 56 0
342 301 1
613 266 0
198 39 1
357 71 0
618 43 1
271 33 0
287 181 1
4 64 0
242 425 1
489 149 0
385 271 1
504 7 0
562 273 1
94 417 0
619 235 1
351 203 0
4 412 1
189 351 0
7 20 1
321 368 0
351 370 1
296 259 0
373 12 1
377 361 0
211 15 1
606 188 0
113 273 1
43 64 0
410 53 1
74 74 0
50 166 1
77 366 0
363 98 1
94 167 0
301 316 1
612 18 0
459 232 1
93 7 0
53 304 1
153 59 0
444 141 1
105 364 0
356 132 1
625 251 0
638 412 1
52 105 0
553 288 1
502 424 0
521 304 1
649 271 0
171 272 1
41 130 0
193 371 1
367 206 0
300 431 1
336 327 0
333 40 1
82 231 0
589 430 1
456 364 0
629 341 1
143 240 0
37 92 1
386 102 0
1 316 1
274 311 0
84 100 1
396 248 0
302 104 1
235 134 0
86 116 1
275 345 0
116 104 1
398 82 0
333 107 1
401 313 0
524 275 1
403 14 0
78 28 1
26 161 0
387 27 1
486 198 0
241 37 1
348 359 0
203 369 1
110 207 0
559 130 1
248 362 0
226 371 1
382 6 0
18 357 1
185 269 0
641 28 1
374 75 0
44 53 1
253 412 0
148 158 1
84 69 0
403 116 1
533 229 0
261 28 1
417 264 0
91 352 1
524 416 0
327 68 1
88 347 0
364 429 1
548 160 0
606 233 1
102 43 0
617 1 1
360 356 0
143 186 1
217 15 0
136 371 1
512 376 0
220 251 1
31 358 0
385 418 1
12 257 0
474 62 1
41 437 0
503 141 1
331 369 0
514 328 1
256 179 0
132 368 1
486 233 0
562 141 1
73 283 0
167 15 1
551 79 0
316 22 1
265 224 0
451 335 1
387 297 0
2 28 1
42 169 0
654 100 1
620 115 0
508 145 1
457 365 0
359 377 1
609 273 0
181 0 1
79 311 0
603 429 1
153 153 0
91 303 1
583 158 0
260 316 1
252 132 0
139 312 1
398 354 0
157 232 1
254 14 0
595 365 1
179 427 0
265 53 1
255 315 0
553 299 1
392 271 0
495 261 1
592 264 0
424 31 1
531 11 0
333 219 1
380 434 0
230 28 1
136 296 0
204 15 1
267 264 0
1 272 1
218 238 0
301 304 1
661 74 0
255 261 1
280 233 0
444 357 1
157 246 0
582 139 1
277 8 0
101 245 1
617 377 0
542 245 1
388 148 0
35 368 1
194 431 0
549 138 1
164 336 0
281 40 1
614 312 0
351 141 1
465 29 0
393 338 1
536 14 0
381 245 1
597 175 0
521 186 1
293 232 0
29 362 1
540 268 0
180 359 1
622 157 0
562 98 1
319 166 0
443 431 1
366 309 0
562 130 1
548 360 0
488 245 1
261 212 0
379 92 1
295 135 0
430 113 1
354 164 0
550 130 1
145 308 0
143 352 1
248 253 0
124 431 1
356 6 0
89 377 1
357 276 0
508 205 1
451 396 0
37 147 1
509 441 0
208 436 1
434 308 0
489 84 1
414 391 0
104 150 1
606 98 0
113 98 1
399 147 0
148 121 1
100 330 0
226 368 1
438 24 0
363 370 1
468 386 0
269 22 1
660 339 0
113 272 1
58 155 0
402 434 1
163 276 0
32 68 1
390 162 0
107 122 1
192 65 0
547 117 1
416 169 0
439 28 1
258 136 0
270 300 1
199 289 0
351 367 1
65 116 0
496 273 1
466 105 0
500 261 1
640 17 0
562 237 1
579 84 0
32 218 1
451 306 0
648 28 1
464 443 0
149 365 1
506 268 0
549 248 1
301 348 0
260 130 1
638 326 0
473 390 1
384 298 0
178 261 1
122 203 0
158 238 1
458 102 0
474 373 1
561 142 0
459 217 1
171 230 0
104 141 1
99 276 0
461 148 1
217 344 0
62 75 1
52 277 0
549 178 1
46 237 0
62 411 1
5 342 0
83 371 1
389 84 0
236 141 1
452 123 0
508 109 1
579 79 0
245 68 1
415 31 0
562 303 1
477 176 0
345 425 1
140 139 0
224 293 1
328 45 0
203 371 1
173 190 0
86 100 1
554 318 0
252 439 1
41 161 0
114 141 1
288 361 0
562 272 1
568 110 0
403 77 1
86 417 0
196 163 1
445 144 0
148 217 1
609 263 0
619 172 1
366 273 0
549 182 1
10 68 0
518 369 1
601 249 0
347 130 1
586 318 0
464 255 1
507 338 0
40 365 1
324 29 0
464 258 1
271 419 0
444 352 1
596 179 0
62 338 1
411 411 0
96 148 1
552 53 0
654 163 1
325 156 0
479 368 1
622 147 0
106 53 1
483 180 0
56 261 1
305 103 0
298 368 1
1 80 0
411 49 1
124 200 0
260 70 1
287 282 0
629 437 1
231 374 0
152 361 1
106 395 0
365 163 1
53 82 0
91 370 1
327 45 0
212 211 1
356 44 0
302 40 1
66 444 0
452 5 1
462 40 0
443 371 1
381 83 0
212 420 1
347 284 0
356 197 1
151 432 0
605 261 1
157 133 0
349 368 1
575 250 0
436 305 1
454 383 0
594 373 1
626 24 0
562 186 1
130 44 0
7 257 1
246 65 0
553 307 1
351 132 0
603 371 1
165 381 0
378 338 1
20 418 0
202 163 1
233 86 0
536 163 1
575 232 0
365 195 1
294 137 0
544 371 1
257 193 0
298 300 1
17 100 0
444 367 1
101 3 0
605 430 1
169 193 0
484 365 1
652 29 0
62 116 1
50 254 0
84 68 1
272 303 0
582 426 1
262 216 0
250 26 1
82 339 0
38 261 1
214 53 0
58 110 1
373 257 0
133 40 1
81 424 0
405 377 1
406 92 0
554 68 1
464 61 0
196 104 1
452 235 0
479 371 1
221 141 0
556 245 1
308 385 0
496 70 1
443 303 0
37 64 1
325 206 0
561 430 1
646 13 0
393 217 1
211 244 0
164 178 1
180 429 0
245 217 1
18 240 0
212 210 1
155 142 0
488 76 1
346 319 0
30 431 1
287 343 0
194 70 1
434 356 0
258 430 1
642 13 0
619 101 1
500 316 0
277 245 1
640 110 0
442 429 1
230 395 0
341 15 1
639 136 0
62 259 1
246 115 0
157 68 1
541 364 0
260 141 1
308 54 0
349 429 1
438 374 0
43 232 1
503 391 0
496 316 1
189 82 0
148 116 1
165 102 0
634 38 1
80 408 0
543 242 1
209 271 0
506 28 1
562 107 0
346 63 1
409 211 0
413 359 1
648 321 0
171 370 1
205 129 0
464 281 1
289 75 0
459 148 1
504 115 0
150 67 1
382 15 0
111 55 1
43 428 0
124 430 1
201 204 0
340 245 1
218 417 0
362 53 1
295 189 0
41 142 1
407 405 0
464 329 1
519 270 0
366 429 1
124 425 0
281 100 1
647 197 0
35 369 1
582 380 0
464 307 1
572 256 0
155 369 1
655 93 0
121 415 1
71 116 0
236 304 1
10 389 0
37 177 1
421 199 0
148 68 1
325 325 0
434 377 1
246 198 0
212 287 1
53 108 0
509 93 1
498 2 0
594 174 1
602 277 0
424 26 1
418 192 0
147 174 1
296 365 0
18 305 1
67 274 0
32 107 1
549 336 0
255 431 1
205 272 0
480 110 1
147 296 0
568 369 1
274 302 0
435 15 1
559 265 0
116 107 1
631 320 0
127 261 1
641 304 0
606 74 1
282 90 0
453 41 1
437 293 0
288 9 1
263 189 0
496 370 1
463 339 0
342 386 1
192 402 0
43 56 1
51 203 0
89 104 1
478 67 0
301 237 1
224 436 0
102 130 1
604 400 0
566 391 1
284 22 0
89 141 1
279 117 0
618 308 1
395 196 0
634 41 1
43 167 0
31 245 1
507 344 0
157 167 1
302 203 0
480 141 1
18 165 0
43 40 1
398 300 0
30 369 1
329 222 0
191 391 1
166 222 0
86 148 1
143 415 0
325 141 1
272 347 0
399 28 1
202 381 0
394 0 1
394 404 0
160 53 1
239 240 0
509 103 1
4 327 0
293 11 1
522 284 0
554 377 1
472 413 0
25 99 1
30 88 0
148 259 1
353 360 0
52 300 1
247 141 0
643 15 1
181 361 0
219 333 1
276 124 0
524 367 1
609 36 0
55 15 1
108 60 0
400 334 1
61 226 0
302 340 1
270 67 0
260 357 1
604 161 0
605 300 1
30 238 0
270 368 1
358 97 0
581 325 1
629 270 0
91 141 1
630 33 0
62 82 1
409 43 0
151 15 1
344 177 0
654 116 1
444 139 0
18 141 1
122 66 0
199 431 1
366 293 0
148 411 1
447 266 0
415 361 1
571 80 0
553 280 1
642 121 0
212 294 1
307 23 0
597 2 1
662 157 0
214 312 1
526 82 0
301 186 1
32 44 0
333 338 1
346 399 0
245 411 1
34 4 0
619 169 1
659 80 0
543 178 1
624 40 0
325 110 1
338 169 0
374 434 1
28 157 0
508 104 1
298 424 0
148 377 1
434 429 0
444 370 1
409 64 0
461 338 1
380 344 0
291 284 1
469 120 0
157 104 1
552 160 0
551 7 1
658 254 0
385 325 1
248 126 0
240 219 1
327 336 0
464 252 1
138 60 0
461 68 1
388 152 0
9 232 1
314 290 0
393 232 1
324 127 0
240 232 1
328 285 0
258 431 1
404 29 0
217 261 1
400 10 0
544 369 1
6 395 0
41 79 1
27 267 0
580 430 1
320 106 0
124 300 1
366 400 0
363 275 1
334 422 0
357 261 1
386 362 0
553 114 1
102 165 0
508 77 1
303 139 0
127 431 1
486 266 0
126 429 1
340 250 0
521 305 1
327 433 0
444 304 1
524 120 0
104 338 1
151 250 0
479 369 1
565 203 0
84 219 1
225 426 0
225 429 1
502 169 0
619 374 1
264 305 0
368 90 1
474 271 0
37 179 1
11 339 0
298 371 1
311 393 0
610 100 1
620 158 0
508 163 1
584 398 0
34 40 1
163 162 0
498 179 1
399 24 0
444 237 1
201 54 0
119 11 1
316 154 0
23 106 1
201 134 0
38 368 1
40 238 0
261 53 1
17 424 0
64 64 1
197 357 0
574 369 1
130 379 0
618 42 1
425 140 0
321 212 1
384 414 0
64 242 1
323 418 0
379 178 1
482 433 0
462 28 1
461 127 0
464 355 1
516 398 0
645 371 1
160 414 0
499 251 1
604 323 0
63 15 1
602 279 0
104 410 1
559 343 0
91 237 1
17 331 0
37 180 1
567 358 0
553 355 1
554 175 0
365 412 1
89 373 0
608 179 1
270 4 0
364 261 1
92 214 0
239 284 1
578 442 0
120 62 1
519 401 0
549 92 1
480 124 0
54 90 1
642 177 0
199 369 1
232 308 0
594 62 1
126 390 0
438 40 1
180 200 0
403 217 1
125 395 0
469 328 1
497 89 0
610 68 1
605 402 0
342 156 1
178 284 0
553 45 1
131 5 0
72 41 1
440 273 0
1 367 1
251 267 0
122 300 1
180 279 0
282 0 1
637 46 0
148 148 1
626 338 0
619 407 1
625 326 0
523 28 1
536 248 0
53 357 1
224 250 0
591 26 1
642 179 0
356 345 1
566 95 0
57 9 1
650 44 0
316 13 1
41 385 0
157 141 1
277 204 0
524 273 1
117 44 0
424 117 1
36 271 0
245 338 1
369 0 0
521 69 1
409 324 0
168 245 1
597 367 0
493 295 1
124 164 0
