1 51 1
8 53 0
10 37 1
5 27 0
23 5 1
23 14 0
2 28 1
20 33 0
25 5 1
2 13 0
21 30 1
1 39 0
10 31 1
2 34 0
7 18 1
0 48 0
2 27 1
15 46 0
10 1 1
6 19 0
9 43 1
17 31 0
0 27 1
17 12 0
19 18 1
5 47 0
2 3 1
8 30 0
1 6 1
15 36 0
10 27 1
16 15 0
16 18 1
0 9 0
0 42 1
21 39 0
5 44 1
15 4 0
10 36 1
0 41 0
16 5 1
4 33 0
6 5 1
12 34 0
1 33 1
14 28 0
2 19 1
11 29 0
1 35 1
2 21 0
12 49 1
9 9 0
25 18 1
3 19 0
5 50 1
20 3 0
6 20 1
13 28 0
4 48 1
7 25 0
10 51 1
4 47 0
19 43 1
19 50 0
10 35 1
24 30 0
17 25 1
21 38 0
14 26 1
7 1 0
11 9 1
18 4 0
12 14 1
14 29 0
2 39 1
21 21 0
1 1 1
21 40 0
1 40 1
16 32 0
1 37 1
16 10 0
1 17 1
7 44 0
5 52 1
8 50 0
7 43 1
23 50 0
25 43 1
17 9 0
1 19 1
20 21 0
5 26 1
21 20 0
6 43 1
0 53 0
1 24 1
24 52 0
22 7 1
19 53 0
10 10 1
4 28 0
10 45 1
23 33 0
12 47 1
18 23 0
6 18 1
0 6 0
9 5 1
8 35 0
22 11 1
25 30 0
3 26 1
24 48 0
1 50 1
7 19 0
13 43 1
16 44 0
1 46 1
17 8 0
9 18 1
11 3 0
4 0 1
7 24 0
19 5 1
4 2 0
22 12 1
1 49 0
1 52 1
4 21 0
24 5 1
9 40 0
18 8 1
9 11 0
22 16 1
13 52 0
12 4 1
24 41 0
1 26 1
17 37 0
18 32 1
8 21 0
10 46 1
3 21 0
5 6 1
2 8 0
12 27 1
23 34 0
0 21 1
3 45 0
21 29 1
6 16 0
2 38 1
15 16 0
17 15 1
0 18 0
7 5 1
9 47 0
15 53 1
15 24 0
1 44 1
12 37 0
8 26 1
15 21 0
18 13 1
14 7 0
13 5 1
10 41 0
16 43 1
23 28 0
2 41 1
13 13 0
22 34 1
25 49 0
2 22 1
23 24 0
20 23 1
18 43 0
1 2 1
8 52 0
