13 30 1
60 180 0
72 19 1
27 99 0
22 178 1
14 166 0
85 48 1
71 118 0
51 25 1
32 138 0
21 148 1
33 143 0
26 21 1
88 95 0
38 133 1
70 217 0
77 54 1
61 40 0
83 75 1
48 75 0
10 43 1
46 80 0
58 201 1
93 51 0
16 21 1
84 168 0
52 135 1
42 26 0
2 169 1
71 178 0
10 71 1
49 37 0
77 24 1
81 18 0
22 194 1
39 211 0
52 51 1
39 131 0
79 77 1
24 144 0
44 18 1
78 31 0
13 198 1
23 2 0
28 75 1
2 34 0
76 217 1
27 44 0
16 43 1
69 31 0
10 207 1
65 17 0
81 47 1
33 16 0
37 190 1
75 24 0
11 66 1
69 95 0
7 26 1
8 132 0
52 168 1
89 149 0
16 160 1
79 180 0
44 97 1
48 73 0
88 10 1
11 75 0
58 172 1
77 79 0
18 66 1
15 132 0
66 138 1
38 137 0
10 21 1
3 190 0
89 201 1
59 216 0
48 47 1
66 16 0
83 78 1
60 7 0
13 50 1
45 13 0
45 21 1
10 67 0
80 47 1
80 23 0
8 186 1
18 62 0
53 21 1
15 109 0
71 142 1
5 65 0
77 213 1
27 26 0
27 147 1
25 128 0
26 18 1
5 32 0
33 26 1
69 63 0
20 216 1
2 83 0
85 169 1
92 63 0
15 70 1
24 21 0
71 131 1
30 209 0
52 4 1
44 153 0
30 43 1
6 164 0
89 34 1
36 214 0
13 48 1
50 60 0
22 155 1
29 150 0
57 64 1
69 52 0
73 218 1
50 86 0
73 21 1
29 121 0
71 78 1
10 146 0
26 177 1
22 68 0
52 202 1
2 155 0
81 97 1
58 20 0
79 115 1
64 149 0
89 156 1
34 217 0
9 150 1
26 65 0
10 163 1
69 149 0
43 156 1
11 4 0
48 48 1
84 28 0
83 160 1
50 36 0
2 97 1
52 205 0
15 183 1
27 131 0
16 173 1
47 10 0
16 139 1
85 89 0
48 58 1
60 168 0
79 131 1
53 85 0
44 53 1
1 95 0
26 79 1
12 161 0
40 22 1
31 217 0
40 26 1
35 131 0
21 39 1
3 160 0
71 58 1
7 211 0
13 60 1
70 14 0
48 97 1
13 202 0
58 102 1
77 81 0
79 21 1
82 206 0
10 209 1
21 70 0
78 16 1
26 189 0
16 56 1
32 152 0
72 47 1
16 200 0
72 21 1
87 119 0
73 38 1
61 210 0
10 137 1
11 171 0
2 58 1
27 105 0
53 48 1
28 145 0
58 34 1
50 32 0
47 63 1
68 190 0
89 65 1
41 81 0
2 52 1
51 80 0
44 1 1
76 39 0
20 106 1
14 218 0
57 55 1
80 10 0
16 163 1
74 141 0
47 215 1
58 18 0
16 4 1
41 22 0
22 17 1
94 22 0
92 28 1
63 212 0
10 160 1
86 216 0
22 196 1
37 103 0
2 177 1
11 65 0
83 79 1
23 193 0
13 214 1
14 80 0
44 189 1
38 218 0
27 48 1
43 197 0
77 211 1
23 170 0
7 179 1
59 74 0
89 53 1
44 156 0
52 155 1
19 174 0
38 135 1
81 171 0
28 76 1
16 55 0
22 15 1
60 164 0
27 53 1
26 148 0
40 40 1
46 136 0
68 47 1
14 31 0
30 116 1
63 26 0
47 158 1
49 184 0
32 205 1
18 103 0
69 122 1
33 185 0
30 9 1
2 73 0
58 7 1
92 51 0
77 216 1
54 149 0
8 90 1
94 162 0
71 48 1
38 29 0
71 137 1
64 217 0
16 188 1
16 26 0
40 44 1
52 181 0
28 77 1
82 112 0
87 97 1
30 3 0
13 143 1
54 87 0
23 45 1
42 11 0
85 52 1
71 2 0
27 177 1
93 180 0
77 105 1
18 76 0
10 142 1
45 107 0
31 134 1
14 45 0
0 66 1
31 194 0
80 97 1
41 139 0
65 66 1
45 149 0
22 73 1
64 140 0
30 11 1
11 90 0
38 161 1
5 18 0
2 174 1
41 200 0
22 81 1
21 33 0
33 53 1
88 99 0
30 36 1
17 113 0
7 53 1
11 17 0
8 152 1
37 211 0
47 62 1
45 81 0
89 147 1
39 145 0
61 156 1
89 218 0
22 111 1
68 93 0
90 141 1
15 53 0
74 97 1
36 191 0
89 48 1
72 63 0
61 13 1
21 105 0
52 15 1
26 93 0
52 204 1
0 133 0
58 173 1
56 171 0
22 170 1
44 74 0
75 149 1
60 95 0
21 185 1
86 176 0
60 66 1
59 177 0
43 7 1
30 131 0
71 115 1
34 62 0
58 147 1
77 123 0
24 31 1
33 202 0
71 111 1
61 81 0
79 20 1
28 69 0
34 146 1
94 171 0
71 20 1
93 197 0
10 76 1
92 77 0
2 115 1
48 15 0
83 137 1
62 40 0
52 175 1
24 187 0
28 21 1
45 113 0
79 160 1
36 47 0
16 151 1
23 112 0
44 125 1
47 79 0
8 218 1
53 112 0
49 122 1
81 29 0
83 77 1
44 165 0
87 120 1
81 149 0
12 121 1
48 119 0
10 75 1
53 49 0
71 151 1
50 119 0
73 186 1
86 198 0
71 160 1
3 143 0
58 198 1
62 69 0
79 48 1
15 126 0
9 29 1
9 198 0
89 97 1
53 196 0
79 112 1
64 117 0
16 108 1
47 161 0
52 17 1
77 22 0
26 56 1
5 133 0
22 202 1
6 116 0
34 37 1
37 201 0
34 214 1
4 78 0
44 110 1
15 90 0
27 156 1
89 148 0
79 177 1
39 172 0
70 165 1
71 88 0
67 101 1
15 152 0
30 32 1
73 165 0
10 192 1
70 45 0
38 111 1
65 99 0
58 13 1
3 119 0
68 88 1
35 41 0
68 97 1
60 167 0
38 58 1
13 3 0
2 131 1
20 124 0
46 66 1
29 159 0
5 191 1
29 130 0
47 80 1
74 83 0
30 72 1
41 92 0
28 43 1
64 112 0
85 70 1
76 150 0
28 163 1
38 181 0
38 160 1
8 163 0
28 17 1
62 115 0
74 58 1
62 13 0
43 177 1
70 177 0
71 173 1
25 110 0
13 172 1
11 169 0
44 103 1
91 59 0
44 183 1
34 153 0
58 21 1
48 179 0
8 21 1
25 59 0
87 47 1
5 86 0
58 98 1
71 50 0
16 114 1
49 195 0
73 89 1
10 216 0
45 152 1
93 55 0
55 70 1
47 121 0
22 132 1
85 101 0
70 119 1
82 12 0
72 153 1
56 186 0
13 127 1
12 56 0
89 96 1
85 156 0
83 20 1
83 166 0
83 57 1
47 88 0
33 14 1
68 221 0
47 35 1
94 151 0
26 172 1
21 47 0
61 201 1
2 25 0
13 61 1
38 88 0
38 178 1
62 194 0
28 137 1
13 130 0
80 58 1
81 101 0
13 167 1
74 26 0
87 177 1
57 12 0
68 21 1
58 154 0
28 20 1
7 159 0
79 113 1
20 73 0
20 105 1
0 163 0
22 133 1
84 185 0
22 160 1
1 10 0
87 21 1
52 50 0
52 133 1
50 99 0
45 97 1
34 182 0
22 168 1
33 18 0
15 52 1
4 201 0
90 12 1
86 70 0
74 21 1
42 92 0
52 161 1
20 189 0
89 198 1
4 110 0
60 12 1
59 57 0
16 177 1
32 214 0
16 20 1
11 16 0
58 156 1
9 33 0
2 18 1
85 207 0
47 208 1
85 43 0
6 152 1
61 132 0
52 188 1
65 80 0
19 66 1
15 51 0
61 172 1
48 109 0
10 57 1
31 199 0
35 121 1
63 33 0
28 8 1
75 2 0
1 37 1
40 162 0
13 85 1
20 11 0
56 45 1
81 222 0
22 58 1
8 214 0
89 13 1
59 59 0
16 57 1
73 201 0
71 163 1
17 219 0
7 21 1
41 16 0
83 163 1
13 165 0
10 171 1
3 24 0
10 79 1
12 11 0
8 58 1
6 155 0
15 79 1
5 60 0
45 120 1
9 171 0
26 125 1
20 33 0
22 95 1
27 159 0
61 53 1
8 50 0
52 82 1
34 65 0
30 68 1
69 46 0
2 120 1
34 99 0
6 21 1
7 83 0
13 52 1
38 67 0
22 74 1
94 124 0
22 93 1
49 74 0
83 113 1
70 97 0
16 115 1
85 186 0
71 77 1
85 106 0
44 169 1
54 180 0
43 172 1
89 189 0
13 212 1
67 15 0
28 160 1
76 173 0
89 177 1
60 221 0
28 113 1
43 120 0
15 21 1
91 33 0
42 101 1
7 160 0
71 17 1
63 172 0
27 34 1
84 65 0
74 47 1
63 188 0
28 78 1
63 66 0
13 125 1
25 4 0
88 91 1
1 129 0
16 112 1
25 183 0
52 194 1
81 191 0
79 78 1
42 96 0
79 57 1
93 175 0
75 181 1
50 218 0
38 48 1
51 40 0
81 120 1
88 24 0
4 5 1
93 170 0
71 177 1
47 100 0
44 120 1
30 7 0
2 41 1
36 100 0
29 66 1
36 163 0
58 84 1
78 8 0
79 111 1
24 200 0
10 173 1
41 180 0
10 77 1
20 2 0
22 176 1
3 51 0
88 185 1
39 95 0
28 48 1
49 120 0
52 170 1
48 69 0
85 69 1
74 24 0
52 48 1
70 153 0
27 172 1
84 75 0
30 66 1
62 62 0
89 21 1
91 164 0
16 111 1
30 46 0
45 47 1
44 39 0
38 43 1
16 33 0
86 101 1
77 172 0
10 8 1
6 9 0
26 183 1
78 58 0
16 131 1
67 38 0
93 101 1
74 15 0
44 48 1
27 118 0
16 142 1
57 149 0
44 144 1
47 6 0
81 21 1
93 99 0
22 82 1
11 149 0
2 142 1
48 23 0
77 220 1
14 48 0
22 51 1
48 150 0
14 101 1
10 186 0
74 152 1
48 195 0
44 177 1
61 180 0
87 172 1
54 33 0
22 203 1
55 219 0
36 66 1
20 68 0
80 21 1
69 50 0
10 111 1
5 147 0
37 39 1
80 51 0
68 152 1
20 139 0
44 56 1
43 185 0
28 18 1
16 221 0
57 193 1
26 151 0
44 104 1
24 169 0
13 123 1
57 8 0
43 48 1
18 74 0
82 184 1
86 167 0
28 111 1
35 160 0
82 130 1
41 64 0
13 145 1
17 44 0
67 129 1
1 47 0
16 109 1
51 20 0
26 70 1
38 159 0
81 152 1
35 142 0
3 37 1
14 26 0
10 20 1
50 202 0
55 216 1
16 197 0
15 125 1
36 201 0
79 58 1
10 108 0
59 180 1
73 221 0
89 19 1
31 76 0
8 47 1
53 160 0
28 58 1
9 87 0
37 10 1
36 94 0
40 197 1
73 157 0
38 168 1
85 90 0
30 33 1
46 98 0
38 202 1
27 102 0
71 21 1
40 183 0
52 196 1
38 169 0
26 1 1
66 18 0
16 162 1
85 198 0
6 115 1
75 220 0
52 73 1
77 112 0
90 66 1
13 81 0
53 177 1
32 30 0
58 19 1
11 12 0
63 101 1
79 53 0
58 177 1
34 89 0
22 48 1
8 17 0
85 6 1
11 112 0
82 10 1
17 200 0
50 164 1
92 92 0
44 172 1
77 90 0
73 97 1
21 166 0
52 42 1
7 184 0
71 114 1
70 65 0
8 97 1
71 133 0
14 205 1
93 60 0
13 179 1
8 179 0
87 58 1
29 204 0
2 47 1
2 180 0
89 172 1
64 98 0
58 99 1
76 28 0
1 214 1
37 78 0
83 76 1
26 102 0
16 113 1
14 56 0
4 100 1
75 113 0
61 200 1
82 222 0
67 205 1
66 206 0
89 117 1
54 67 0
72 222 1
70 135 0
52 203 1
77 113 0
26 48 1
81 148 0
7 23 1
23 185 0
2 21 1
19 155 0
28 192 1
24 57 0
79 163 1
44 49 0
10 48 1
50 197 0
10 18 1
69 38 0
61 7 1
79 140 0
82 2 1
8 157 0
58 53 1
86 154 0
89 167 1
53 211 0
79 173 1
91 124 0
52 160 1
33 97 0
85 56 1
21 203 0
38 17 1
57 136 0
17 3 1
68 159 0
70 166 1
21 90 0
61 48 1
63 211 0
83 207 1
9 202 0
33 23 1
56 33 0
8 38 1
68 164 0
79 43 1
90 5 0
77 106 1
77 119 0
44 21 1
30 73 0
2 48 1
24 124 0
26 6 1
57 218 0
43 53 1
12 180 0
85 125 1
20 5 0
44 70 1
78 55 0
52 182 1
73 50 0
44 52 1
57 139 0
24 66 1
6 107 0
61 140 1
90 212 0
22 219 1
29 26 0
79 75 1
14 12 0
22 83 1
64 122 0
24 206 1
49 64 0
26 104 1
4 67 0
89 173 1
54 109 0
85 120 1
88 105 0
60 141 1
94 10 0
61 198 1
90 186 0
28 173 1
71 26 0
89 126 1
93 121 0
33 179 1
56 173 0
2 71 1
34 218 0
52 58 1
69 182 0
42 205 1
4 188 0
71 43 1
74 201 0
4 66 1
62 164 0
73 90 1
78 49 0
40 142 1
65 200 0
53 172 1
43 208 0
77 107 1
5 183 0
22 135 1
60 2 0
15 48 1
71 84 0
94 195 1
5 48 0
58 49 1
37 144 0
15 18 1
2 193 0
52 178 1
69 211 0
13 14 1
74 188 0
22 4 1
37 44 0
28 71 1
54 55 0
52 111 1
28 135 0
28 79 1
66 171 0
72 58 1
64 109 0
84 66 1
12 202 0
89 84 1
79 200 0
23 164 1
60 110 0
57 97 1
16 193 0
83 192 1
54 17 0
54 37 1
65 157 0
52 81 1
38 45 0
2 53 1
40 17 0
75 154 1
2 182 0
72 97 1
40 6 0
13 86 1
4 171 0
10 59 1
42 199 0
25 101 1
68 51 0
79 114 1
19 98 0
10 58 1
57 23 0
16 48 1
74 186 0
13 142 1
87 51 0
60 187 1
6 137 0
16 41 1
45 33 0
38 42 1
83 82 0
85 18 1
36 166 0
28 142 1
58 197 0
71 57 1
8 107 0
10 27 1
85 73 0
89 102 1
6 117 0
40 87 1
36 180 0
16 78 1
84 55 0
52 83 1
91 101 0
2 183 1
73 129 0
61 147 1
32 70 0
89 124 1
6 211 0
79 137 1
43 199 0
28 157 1
28 196 0
22 92 1
8 148 0
89 7 1
79 31 0
68 58 1
87 99 0
83 111 1
45 138 0
16 58 1
21 198 0
58 48 1
7 157 0
2 172 1
39 194 0
39 0 1
61 186 0
85 97 1
91 11 0
71 112 1
65 91 0
22 204 1
3 203 0
79 41 1
75 143 0
27 7 1
78 28 0
68 90 1
9 3 0
44 136 1
25 186 0
16 77 1
24 48 0
92 199 1
12 169 0
16 179 1
49 110 0
81 115 1
24 202 0
90 27 1
14 137 0
13 21 1
0 200 0
85 183 1
53 217 0
87 71 1
30 124 0
71 41 1
64 168 0
87 48 1
37 45 0
8 89 1
21 59 0
9 130 1
58 164 0
73 47 1
58 72 0
79 162 1
13 113 0
91 214 1
74 148 0
62 195 1
49 78 0
41 164 1
48 163 0
58 67 1
42 12 0
52 210 1
13 117 0
22 159 1
28 164 0
81 58 1
31 89 0
61 177 1
53 75 0
26 52 1
8 31 0
38 155 1
8 122 0
79 142 1
78 178 0
52 43 1
64 61 0
89 67 1
48 111 0
28 57 1
82 183 0
13 177 1
28 208 0
72 221 1
88 7 0
16 17 1
27 123 0
22 42 1
88 85 0
43 147 1
22 103 0
10 157 1
67 81 0
79 17 1
11 208 0
7 14 1
91 165 0
52 74 1
1 132 0
38 194 1
82 79 0
44 8 1
18 56 0
87 180 1
36 124 0
32 101 1
25 145 0
10 17 1
4 1 0
38 51 1
57 221 0
89 118 1
30 19 0
88 184 1
77 51 0
0 12 1
15 203 0
22 94 1
42 20 0
83 157 1
17 174 0
10 113 1
73 88 0
13 53 1
61 150 0
64 143 1
67 95 0
73 152 1
20 64 0
28 207 1
19 142 0
71 162 1
63 149 0
47 46 1
24 209 0
13 128 1
7 178 0
13 23 1
80 178 0
22 161 1
67 23 0
85 8 1
58 166 0
10 78 1
47 82 0
79 151 1
46 75 0
48 21 1
87 153 0
58 64 1
11 5 0
71 113 1
27 55 0
20 6 1
23 160 0
16 53 1
73 181 0
90 187 1
7 91 0
89 49 1
64 197 0
16 137 1
51 45 0
22 43 1
62 33 0
45 58 1
28 124 0
73 58 1
54 117 0
89 64 1
30 136 0
